trade_date,ts_code,open,close,high,low,volume,money,MA5,MA10,MA20,MA30
2022-05-27,002910.XSHE,10.97,10.97,11.13,10.88,4692600.0,51591966.0,10.99,10.81,10.59,11.21
2022-05-26,002910.XSHE,11.04,10.92,11.09,10.81,3905600.0,42598996.0,10.96,10.77,10.55,11.27
2022-05-25,002910.XSHE,10.73,11.02,11.16,10.7,6333900.0,69430353.0,10.89,10.73,10.55,11.33
2022-05-24,002910.XSHE,11.05,10.8,11.62,10.71,10410900.0,114413019.0,10.8,10.67,10.61,11.38
2022-05-23,002910.XSHE,10.83,11.22,11.77,10.75,10387100.0,116568738.0,10.74,10.63,10.7,11.45
2022-05-20,002910.XSHE,10.58,10.83,10.93,10.58,5246773.0,56569616.0,10.64,10.53,10.8,11.52
2022-05-19,002910.XSHE,10.45,10.56,10.59,10.35,3618918.0,37992203.0,10.59,10.44,10.93,11.6
2022-05-18,002910.XSHE,10.5,10.59,10.74,10.46,4347941.0,46203500.0,10.57,10.42,11.08,11.69
2022-05-17,002910.XSHE,10.76,10.48,10.8,10.38,4532041.0,47556017.0,10.55,10.41,11.19,11.8
2022-05-16,002910.XSHE,10.61,10.75,10.78,10.57,6213941.0,66433603.0,10.53,10.4,11.31,11.93
2022-05-13,002910.XSHE,10.52,10.55,10.61,10.41,3739000.0,39372149.0,10.42,10.37,11.41,12.04
2022-05-12,002910.XSHE,10.39,10.47,10.62,10.34,3302400.0,34552591.0,10.29,10.34,11.52,12.15
2022-05-11,002910.XSHE,10.43,10.48,10.73,10.33,5405326.0,57139342.0,10.27,10.38,11.63,12.23
2022-05-10,002910.XSHE,10.1,10.4,10.48,9.98,5077916.0,52142501.0,10.28,10.54,11.73,12.33
2022-05-09,002910.XSHE,9.95,10.2,10.22,9.9,4096929.0,41473516.0,10.26,10.76,11.86,12.46
2022-05-06,002910.XSHE,10.2,9.92,10.2,9.86,6154662.0,61518018.0,10.32,11.07,12.02,12.55
2022-05-05,002910.XSHE,10.39,10.36,10.55,10.1,6753288.0,69962889.0,10.38,11.43,12.18,12.65
2022-04-29,002910.XSHE,10.4,10.53,10.6,10.25,6665066.0,69743572.0,10.49,11.73,12.33,12.73
2022-04-28,002910.XSHE,10.5,10.3,10.58,10.07,5401106.0,55639138.0,10.8,11.96,12.5,12.8
2022-04-27,002910.XSHE,10.21,10.48,10.54,9.95,6671243.0,68296558.0,11.26,12.23,12.7,12.89
2022-04-26,002910.XSHE,10.8,10.22,11.2,9.81,7878513.0,82718843.0,11.82,12.45,12.87,13.02
2022-04-25,002910.XSHE,11.93,10.9,12.01,10.9,8209539.0,92213645.0,12.48,12.71,13.06,13.12
2022-04-22,002910.XSHE,12.52,12.11,12.7,11.94,8898035.0,108716293.0,12.98,12.88,13.16,13.16
2022-04-21,002910.XSHE,13.12,12.58,13.32,12.52,10264600.0,131632374.0,13.13,12.92,13.23,13.15
2022-04-20,002910.XSHE,13.45,13.28,13.52,12.84,11063600.0,146578288.0,13.21,12.96,13.31,13.12
2022-04-19,002910.XSHE,13.21,13.51,13.6,13.01,10827550.0,144751422.0,13.07,12.98,13.29,13.07
2022-04-18,002910.XSHE,12.75,13.4,13.57,12.62,9466031.0,125145099.0,12.94,12.93,13.26,13.01
2022-04-15,002910.XSHE,13.0,12.87,13.31,12.74,7286600.0,94704155.0,12.79,12.93,13.23,12.97
2022-04-14,002910.XSHE,12.49,12.98,13.07,12.48,6748385.0,86987934.0,12.71,13.03,13.22,12.94
2022-04-13,002910.XSHE,12.79,12.61,13.26,12.51,6788300.0,87067195.0,12.72,13.16,13.22,12.9
2022-04-12,002910.XSHE,12.44,12.86,12.92,12.25,6298300.0,79241853.0,12.88,13.29,13.31,12.87
2022-04-11,002910.XSHE,12.18,12.62,12.72,12.18,7325800.0,92034892.0,12.92,13.41,13.33,12.83
2022-04-08,002910.XSHE,12.72,12.47,12.97,12.28,9646330.0,120646982.0,13.07,13.43,13.29,12.79
2022-04-07,002910.XSHE,13.34,13.02,13.67,12.98,8087280.0,107073557.0,13.36,13.53,13.26,12.77
2022-04-06,002910.XSHE,12.96,13.41,13.57,12.93,10804950.0,144485186.0,13.61,13.65,13.19,12.73
2022-04-01,002910.XSHE,13.35,13.1,13.84,12.87,14067285.0,186491743.0,13.71,13.6,13.11,12.67
2022-03-31,002910.XSHE,13.8,13.37,13.93,13.31,14377300.0,194586076.0,13.9,13.58,13.05,12.62
2022-03-30,002910.XSHE,13.88,13.89,14.57,13.46,20708266.0,287760436.0,13.79,13.52,12.98,12.56
2022-03-29,002910.XSHE,13.94,14.26,15.12,13.94,27213201.0,395568625.0,13.71,13.4,12.89,12.48
2022-03-28,002910.XSHE,14.7,13.94,15.47,13.92,32407235.0,479832542.0,13.7,13.28,12.78,12.39
2022-03-25,002910.XSHE,12.79,14.06,14.06,12.78,9732092.0,133360695.0,13.49,13.33,12.66,12.31
2022-03-24,002910.XSHE,13.19,12.78,13.32,12.76,14455605.0,188182601.0,13.26,13.24,12.54,12.22
2022-03-23,002910.XSHE,14.2,13.5,14.2,13.27,22123038.0,300959290.0,13.26,13.16,12.47,12.17
2022-03-22,002910.XSHE,12.8,14.21,14.21,12.75,21053178.0,291664394.0,13.1,12.98,12.39,12.1
2022-03-21,002910.XSHE,13.13,12.92,13.39,12.78,14546821.0,189302577.0,12.86,12.73,12.27,12.0
2022-03-18,002910.XSHE,12.63,12.91,13.08,12.45,16642225.0,214462259.0,13.17,12.62,12.21,11.95
2022-03-17,002910.XSHE,12.51,12.75,12.96,12.41,18038434.0,229153809.0,13.22,12.52,12.14,11.88
2022-03-16,002910.XSHE,12.32,12.72,12.83,12.11,21536703.0,267214770.0,13.06,12.45,12.07,11.8
2022-03-15,002910.XSHE,14.0,13.02,14.0,13.02,23043406.0,303912344.0,12.87,12.38,12.01,11.74
2022-03-14,002910.XSHE,13.95,14.47,14.47,13.79,15244405.0,216422125.0,12.6,12.27,11.94,11.66
2022-03-11,002910.XSHE,11.96,13.15,13.15,11.81,9615940.0,123060538.0,12.07,11.98,11.8,11.55
2022-03-10,002910.XSHE,11.95,11.95,12.13,11.85,5459300.0,65352072.0,11.82,11.83,11.7,11.49
2022-03-09,002910.XSHE,11.72,11.75,12.02,11.3,5227374.0,61200195.0,11.83,11.79,11.67,11.47
2022-03-08,002910.XSHE,11.75,11.69,11.92,11.53,3904100.0,45849998.0,11.88,11.8,11.66,11.46
2022-03-07,002910.XSHE,11.94,11.79,11.98,11.73,2312000.0,27412165.0,11.94,11.81,11.64,11.45
2022-03-04,002910.XSHE,11.94,11.92,11.98,11.8,2399500.0,28523047.0,11.89,11.8,11.61,11.46
2022-03-03,002910.XSHE,12.05,12.0,12.1,11.86,2641200.0,31574826.0,11.84,11.76,11.56,11.45
2022-03-02,002910.XSHE,12.03,12.02,12.09,11.91,3626000.0,43503254.0,11.75,11.7,11.48,11.45
2022-03-01,002910.XSHE,11.54,11.98,12.05,11.52,5801800.0,69175878.0,11.72,11.65,11.42,11.46
2022-02-28,002910.XSHE,11.69,11.55,11.69,11.38,2432352.0,28001846.0,11.67,11.61,11.35,11.46
2022-02-25,002910.XSHE,11.68,11.64,11.85,11.6,2913000.0,34131808.0,11.71,11.62,11.34,11.46
2022-02-24,002910.XSHE,11.88,11.54,11.97,11.38,5330878.0,62193896.0,11.69,11.57,11.33,11.47
2022-02-23,002910.XSHE,11.87,11.89,11.99,11.72,3496400.0,41475519.0,11.66,11.56,11.31,11.48
2022-02-22,002910.XSHE,11.78,11.73,11.95,11.56,4076100.0,47908586.0,11.59,11.51,11.29,11.48
2022-02-21,002910.XSHE,11.66,11.73,11.73,11.39,3098000.0,36076223.0,11.55,11.47,11.27,11.49
2022-02-18,002910.XSHE,11.45,11.54,11.55,11.35,1981200.0,22725127.0,11.53,11.42,11.28,11.49
2022-02-17,002910.XSHE,11.56,11.4,11.64,11.35,2526934.0,28977443.0,11.46,11.35,11.3,11.48
2022-02-16,002910.XSHE,11.51,11.53,11.55,11.41,2243678.0,25740014.0,11.46,11.25,11.33,11.48
2022-02-15,002910.XSHE,11.61,11.54,11.74,11.41,2890700.0,33262433.0,11.43,11.18,11.36,11.48
2022-02-14,002910.XSHE,11.17,11.66,11.75,11.13,5380191.0,62130046.0,11.4,11.09,11.38,11.48
2022-02-11,002910.XSHE,11.36,11.18,11.36,11.08,2714853.0,30374787.0,11.3,11.06,11.38,11.48
2022-02-10,002910.XSHE,11.39,11.39,11.48,11.27,2273100.0,25803469.0,11.24,11.08,11.41,11.48
2022-02-09,002910.XSHE,11.35,11.4,11.46,11.28,1872900.0,21353464.0,11.05,11.07,11.44,11.48
2022-02-08,002910.XSHE,11.17,11.36,11.43,11.08,2473300.0,27959922.0,10.93,11.08,11.47,11.47
2022-02-07,002910.XSHE,11.03,11.19,11.24,10.82,3126600.0,34674083.0,10.79,11.07,11.5,11.48
2022-01-28,002910.XSHE,10.55,10.86,11.02,10.51,3711480.0,40135344.0,10.81,11.15,11.52,11.49
2022-01-27,002910.XSHE,10.82,10.43,10.85,10.38,2661300.0,28128228.0,10.91,11.24,11.54,11.49
2022-01-26,002910.XSHE,10.78,10.79,11.11,10.6,2232423.0,24133875.0,11.09,11.4,11.59,11.5
2022-01-25,002910.XSHE,11.24,10.68,11.27,10.68,3994100.0,43661012.0,11.23,11.55,11.63,11.51
2022-01-24,002910.XSHE,11.3,11.29,11.5,11.18,2526500.0,28633652.0,11.35,11.66,11.68,11.51
2022-01-21,002910.XSHE,11.29,11.38,11.47,11.18,2716500.0,30892873.0,11.49,11.71,11.69,11.5
2022-01-20,002910.XSHE,11.57,11.29,11.62,11.25,3330900.0,37896153.0,11.57,11.74,11.68,11.48
2022-01-19,002910.XSHE,11.28,11.51,11.7,11.22,3906150.0,44804196.0,11.72,11.82,11.68,11.46
2022-01-18,002910.XSHE,11.9,11.3,11.93,11.23,6006778.0,68791389.0,11.86,11.87,11.67,11.43
2022-01-17,002910.XSHE,11.75,11.95,12.0,11.66,3671624.0,43552855.0,11.97,11.93,11.68,11.4
2022-01-14,002910.XSHE,12.05,11.8,12.25,11.76,4768200.0,57044887.0,11.94,11.89,11.66,11.36
2022-01-13,002910.XSHE,12.22,12.05,12.28,12.0,3896200.0,47229807.0,11.92,11.85,11.61,11.32
2022-01-12,002910.XSHE,11.93,12.22,12.3,11.8,6324150.0,76752326.0,11.92,11.77,11.55,11.28
2022-01-11,002910.XSHE,11.84,11.83,12.2,11.76,4999978.0,59837550.0,11.87,11.7,11.49,11.23
2022-01-10,002910.XSHE,11.64,11.8,11.89,11.56,3342717.0,39388107.0,11.89,11.69,11.44,11.2
2022-01-07,002910.XSHE,12.0,11.69,12.05,11.63,5203768.0,61327135.78,11.84,11.66,11.39,11.17
2022-01-06,002910.XSHE,11.9,12.05,12.1,11.84,5056590.0,60538719.9,11.78,11.62,11.35,11.15
2022-01-05,002910.XSHE,11.9,11.97,12.1,11.72,5930424.0,70623748.91,11.63,11.54,11.28,11.13
2022-01-04,002910.XSHE,11.5,11.92,11.92,11.46,6563300.0,77409339.0,11.54,11.47,11.21,11.11
2021-12-31,002910.XSHE,11.36,11.59,11.59,11.3,4425000.0,50892027.0,11.49,11.43,11.13,11.09
2021-12-30,002910.XSHE,11.36,11.36,11.45,11.29,2719215.0,30888649.6,11.48,11.42,11.09,11.09
2021-12-29,002910.XSHE,11.5,11.29,11.55,11.25,4336400.0,49214980.0,11.46,11.38,11.05,11.09
2021-12-28,002910.XSHE,11.57,11.55,11.68,11.43,4333205.0,49935056.3,11.45,11.34,11.03,11.1
2021-12-27,002910.XSHE,11.51,11.67,11.68,11.36,5687527.0,65797947.03,11.4,11.28,11.0,11.1
2021-12-24,002910.XSHE,11.25,11.54,11.64,11.12,8651217.0,98736163.48,11.37,11.19,10.95,11.11
2021-12-23,002910.XSHE,11.36,11.26,11.57,11.23,6053447.0,68714992.26,11.36,11.12,10.92,11.12
2021-12-22,002910.XSHE,11.37,11.23,11.42,11.1,5086667.0,56993350.7,11.3,11.08,10.92,11.14
2021-12-21,002910.XSHE,11.32,11.29,11.4,11.05,9086945.0,101875146.39,11.22,11.02,10.92,11.16
2021-12-20,002910.XSHE,11.44,11.54,12.63,11.4,14393770.0,168933488.3,11.16,10.94,10.93,11.18
2021-12-17,002910.XSHE,10.96,11.48,11.83,10.83,12702157.0,143838526.64,11.01,10.84,10.92,11.18
2021-12-16,002910.XSHE,10.81,10.95,10.95,10.77,2639253.0,28709232.76,10.89,10.76,10.92,11.2
2021-12-15,002910.XSHE,11.0,10.86,11.0,10.81,3078593.0,33515161.18,10.86,10.73,10.94,11.23
2021-12-14,002910.XSHE,10.72,10.96,10.97,10.52,4435248.0,47893516.35,10.81,10.73,10.97,11.24
2021-12-13,002910.XSHE,10.88,10.78,10.94,10.74,2957392.0,31958278.94,10.73,10.72,11.01,11.25
2021-12-10,002910.XSHE,10.82,10.89,11.07,10.75,4508719.0,49278998.49,10.66,10.72,11.08,11.27
2021-12-09,002910.XSHE,10.62,10.82,10.93,10.6,5611900.0,60779311.6,10.63,10.72,11.12,11.27
2021-12-08,002910.XSHE,10.54,10.62,10.66,10.44,3204100.0,33893508.0,10.59,10.76,11.17,11.24
2021-12-07,002910.XSHE,10.5,10.52,10.61,10.38,2763340.0,28977807.35,10.65,10.82,11.23,11.22
2021-12-06,002910.XSHE,10.67,10.47,10.75,10.45,4088700.0,43095077.0,10.71,10.91,11.3,11.23
2021-12-03,002910.XSHE,10.64,10.73,10.8,10.63,2618900.0,28099461.0,10.77,11.01,11.36,11.25
2021-12-02,002910.XSHE,10.84,10.63,10.91,10.63,3325500.0,35734202.0,10.82,11.08,11.41,11.25
2021-12-01,002910.XSHE,10.81,10.88,10.9,10.74,2994592.0,32474958.04,10.92,11.15,11.47,11.25
2021-11-30,002910.XSHE,10.81,10.84,10.96,10.72,3897592.0,42164310.12,10.99,11.22,11.5,11.25
2021-11-29,002910.XSHE,10.9,10.79,10.95,10.74,2937500.0,31749530.0,11.11,11.29,11.52,11.25
2021-11-26,002910.XSHE,11.15,10.94,11.19,10.93,4129250.0,45464598.5,11.24,11.43,11.54,11.26
2021-11-25,002910.XSHE,11.22,11.16,11.35,11.15,2810142.0,31544424.92,11.34,11.52,11.54,11.26
2021-11-24,002910.XSHE,11.43,11.23,11.5,11.15,3405467.0,38440707.75,11.38,11.59,11.48,11.26
2021-11-23,002910.XSHE,11.43,11.44,11.56,11.26,3786742.0,43187424.16,11.45,11.64,11.42,11.26
2021-11-22,002910.XSHE,11.41,11.45,11.51,11.14,4018417.0,45567118.8,11.47,11.69,11.38,11.25
2021-11-19,002910.XSHE,11.37,11.41,11.54,11.09,5079501.0,57422076.55,11.62,11.71,11.37,11.23
2021-11-18,002910.XSHE,11.52,11.38,11.62,11.37,3379717.0,38688120.46,11.71,11.75,11.34,11.22
2021-11-17,002910.XSHE,11.79,11.55,11.79,11.39,4343408.0,49930579.22,11.79,11.8,11.3,11.19
2021-11-16,002910.XSHE,12.07,11.58,12.12,11.54,7381209.0,86511853.58,11.84,11.78,11.26,11.16
2021-11-15,002910.XSHE,11.94,12.18,12.24,11.81,5362406.0,64889468.77,11.91,11.75,11.24,11.12
2021-11-12,002910.XSHE,11.79,11.86,12.07,11.68,4762016.0,56588568.28,11.8,11.65,11.18,11.07
2021-11-11,002910.XSHE,11.82,11.79,12.13,11.7,5550611.0,65861835.23,11.79,11.56,11.13,11.03
2021-11-10,002910.XSHE,11.89,11.79,12.02,11.63,4971556.0,58700987.47,11.8,11.37,11.1,10.98
2021-11-09,002910.XSHE,11.58,11.91,12.05,11.46,7592178.0,89947896.83,11.72,11.2,11.06,10.93
2021-11-08,002910.XSHE,11.62,11.63,11.82,11.47,6427511.0,74550902.37,11.6,11.08,11.03,10.88
2021-11-05,002910.XSHE,11.65,11.85,12.36,11.57,10857745.0,129872631.1,11.5,11.02,11.0,10.83
2021-11-04,002910.XSHE,11.5,11.82,11.95,11.27,10133451.0,119034883.22,11.32,10.92,10.95,10.77
2021-11-03,002910.XSHE,11.32,11.38,11.55,11.11,6859924.0,77704455.0,10.94,10.8,10.89,10.71
2021-11-02,002910.XSHE,11.21,11.31,11.46,11.04,9996357.0,112760880.3,10.67,10.75,10.85,10.67
2021-11-01,002910.XSHE,11.03,11.15,11.42,10.73,15049696.0,167814476.99,10.56,10.72,10.8,10.64
2021-10-29,002910.XSHE,10.0,10.93,10.93,9.94,10914572.0,116587734.08,10.55,10.71,10.79,10.61
2021-10-28,002910.XSHE,9.95,9.94,10.08,9.8,3670107.0,36432386.58,10.52,10.7,10.76,10.59
2021-10-27,002910.XSHE,10.63,10.03,10.7,9.96,7791400.0,79518313.0,10.67,10.82,10.79,10.59
2021-10-26,002910.XSHE,10.94,10.74,11.11,10.71,6363967.0,69129056.59,10.83,10.94,10.79,10.6
2021-10-25,002910.XSHE,10.8,11.09,11.58,10.8,9107288.0,101858567.94,10.88,10.97,10.77,10.58
2021-10-22,002910.XSHE,10.75,10.81,11.4,10.74,7282600.0,79729804.22,10.87,10.97,10.74,10.54
2021-10-21,002910.XSHE,10.88,10.67,10.9,10.61,3754581.0,40253104.83,10.87,10.99,10.7,10.52
2021-10-20,002910.XSHE,10.99,10.83,11.08,10.76,4224300.0,45813225.0,10.98,10.98,10.67,10.49
2021-10-19,002910.XSHE,11.12,11.0,11.18,10.78,4930816.0,54258878.0,11.04,10.94,10.64,10.46
2021-10-18,002910.XSHE,10.87,11.03,11.04,10.59,6671611.0,72372366.0,11.07,10.89,10.6,10.43
2021-10-15,002910.XSHE,11.2,10.83,11.47,10.76,9129059.0,100726520.0,11.08,10.86,10.56,10.39
2021-10-14,002910.XSHE,10.96,11.22,11.28,10.85,6538789.0,72457356.0,11.1,10.83,10.53,10.36
2021-10-13,002910.XSHE,11.13,11.13,11.5,10.8,7508409.0,83157495.03,10.98,10.75,10.48,10.32
2021-10-12,002910.XSHE,11.0,11.13,11.2,10.88,6672386.0,73713153.72,10.85,10.65,10.43,10.28
2021-10-11,002910.XSHE,11.05,11.07,11.28,10.87,8068820.0,89126103.22,10.71,10.57,10.38,10.23
2021-10-08,002910.XSHE,10.65,10.96,11.15,10.5,7964207.0,87085112.63,10.65,10.5,10.33,10.19
2021-09-30,002910.XSHE,10.44,10.63,10.8,10.38,4496839.0,47770475.81,10.56,10.41,10.28,10.14
2021-09-29,002910.XSHE,10.35,10.44,10.72,10.34,5493025.0,57891908.17,10.51,10.35,10.25,10.11
2021-09-28,002910.XSHE,10.6,10.44,10.65,10.39,5771675.0,60417617.38,10.46,10.33,10.22,10.1
2021-09-27,002910.XSHE,10.4,10.79,10.92,10.33,10012575.0,107342690.91,10.44,10.3,10.2,10.08
2021-09-24,002910.XSHE,10.37,10.5,10.68,10.26,7669138.0,80608424.97,10.36,10.26,10.16,10.05
2021-09-23,002910.XSHE,10.28,10.37,10.38,10.21,3263606.0,33674422.22,10.27,10.23,10.13,10.03
2021-09-22,002910.XSHE,10.21,10.21,10.29,10.1,2683335.0,27351195.53,10.19,10.21,10.11,10.02
2021-09-17,002910.XSHE,10.4,10.33,10.41,10.22,3596125.0,37006774.28,10.2,10.2,10.09,10.01
2021-09-16,002910.XSHE,10.08,10.38,10.48,10.08,7215905.0,74591849.83,10.17,10.18,10.06,9.98
2021-09-15,002910.XSHE,9.97,10.04,10.13,9.91,1661764.0,16639437.68,10.16,10.15,10.03,9.96
2021-09-14,002910.XSHE,10.22,9.98,10.27,9.95,2928240.0,29547434.0,10.2,10.15,10.01,9.95
2021-09-13,002910.XSHE,10.18,10.25,10.26,10.05,2483940.0,25211802.2,10.23,10.15,10.0,9.95
2021-09-10,002910.XSHE,10.31,10.18,10.43,10.16,2929800.0,30071314.0,10.2,10.11,9.98,9.93
2021-09-09,002910.XSHE,10.26,10.33,10.35,10.18,3245700.0,33339161.0,10.19,10.09,9.97,9.91
2021-09-08,002910.XSHE,10.15,10.25,10.28,10.15,3292633.0,33651653.94,10.14,10.06,9.95,9.89
2021-09-07,002910.XSHE,10.12,10.13,10.17,10.08,2695196.0,27282298.8,10.1,10.03,9.93,9.86
2021-09-06,002910.XSHE,10.17,10.13,10.19,10.09,2873033.0,29132049.63,10.07,10.01,9.92,9.84
2021-09-03,002910.XSHE,10.06,10.11,10.16,10.04,3138300.0,31733361.0,10.02,9.99,9.91,9.83
2021-09-02,002910.XSHE,10.11,10.06,10.11,9.98,2240220.0,22472544.58,10.0,9.94,9.88,9.82
2021-09-01,002910.XSHE,9.9,10.09,10.14,9.86,3492200.0,35042823.0,9.98,9.91,9.86,9.82
2021-08-31,002910.XSHE,9.92,9.94,10.15,9.75,3364720.0,33607526.5,9.95,9.87,9.85,9.83
2021-08-30,002910.XSHE,9.99,9.92,10.05,9.87,2845102.0,28278758.26,9.96,9.84,9.85,9.84
2021-08-27,002910.XSHE,9.99,9.97,10.03,9.85,2692438.0,26753989.16,9.95,9.85,9.84,9.85
2021-08-26,002910.XSHE,9.95,9.99,10.07,9.88,2460250.0,24586164.0,9.89,9.85,9.82,9.86
2021-08-25,002910.XSHE,9.98,9.93,10.03,9.89,2283741.0,22751307.0,9.83,9.84,9.8,9.87
2021-08-24,002910.XSHE,9.87,9.98,10.0,9.83,2766862.0,27499820.0,9.79,9.84,9.78,9.91
2021-08-23,002910.XSHE,9.7,9.87,9.91,9.63,2263851.0,22295105.0,9.73,9.83,9.76,9.95
2021-08-20,002910.XSHE,9.7,9.68,9.72,9.51,1956834.0,18878333.0,9.76,9.83,9.75,10.0
2021-08-19,002910.XSHE,9.71,9.69,9.77,9.62,2068558.0,20036806.0,9.82,9.82,9.76,10.05
2021-08-18,002910.XSHE,9.67,9.71,9.78,9.65,1815369.0,17622331.6,9.85,9.82,9.78,10.1
2021-08-17,002910.XSHE,10.04,9.69,10.04,9.65,3462667.0,34021493.68,9.89,9.83,9.81,10.15
2021-08-16,002910.XSHE,9.96,10.03,10.18,9.93,3668563.0,36770866.12,9.94,9.86,9.84,10.22
2021-08-13,002910.XSHE,9.93,9.96,9.98,9.82,2958086.0,29260590.4,9.9,9.82,9.84,10.27
2021-08-12,002910.XSHE,9.9,9.88,9.95,9.84,2687603.0,26605287.0,9.83,9.78,9.86,10.31
2021-08-11,002910.XSHE,9.86,9.88,10.03,9.85,3176380.0,31468872.2,9.79,9.76,9.89,10.34
2021-08-10,002910.XSHE,9.84,9.95,10.02,9.74,3633269.0,35922091.37,9.78,9.73,9.95,10.39
2021-08-09,002910.XSHE,9.61,9.84,9.9,9.58,3136104.0,30735956.0,9.77,9.68,10.01,10.44
2021-08-06,002910.XSHE,9.65,9.62,9.66,9.49,2137998.0,20483795.0,9.74,9.67,10.08,10.48
2021-08-05,002910.XSHE,9.81,9.66,9.82,9.66,2438942.0,23699676.91,9.73,9.69,10.16,10.54
2021-08-04,002910.XSHE,9.84,9.83,9.93,9.77,3208765.0,31504470.05,9.73,9.74,10.23,10.61
2021-08-03,002910.XSHE,9.65,9.91,9.95,9.63,4494187.0,44068163.86,9.68,9.79,10.31,10.65
2021-08-02,002910.XSHE,9.49,9.7,9.72,9.43,2396824.0,23083202.19,9.59,9.82,10.4,10.7
2021-07-30,002910.XSHE,9.66,9.54,9.69,9.4,2610323.0,24805451.3,9.6,9.86,10.49,10.72
2021-07-29,002910.XSHE,9.59,9.65,9.72,9.57,2492571.0,24041537.75,9.66,9.95,10.57,10.74
2021-07-28,002910.XSHE,9.48,9.59,9.73,9.28,3495213.0,33283540.25,9.76,10.02,10.64,10.76
2021-07-27,002910.XSHE,9.77,9.47,9.83,9.43,3700114.0,35463457.2,9.9,10.17,10.72,10.78
2021-07-26,002910.XSHE,9.82,9.75,9.9,9.69,2685995.0,26258906.64,10.05,10.34,10.82,10.82
2021-07-23,002910.XSHE,10.15,9.83,10.25,9.79,4741187.0,47366529.32,10.12,10.49,10.89,10.85
2021-07-22,002910.XSHE,10.24,10.15,10.28,10.11,3186537.0,32435620.44,10.24,10.62,10.96,10.88
2021-07-21,002910.XSHE,10.32,10.3,10.42,10.21,3082454.0,31744150.81,10.28,10.72,11.04,10.92
2021-07-20,002910.XSHE,10.08,10.24,10.24,9.96,3297749.0,33187178.6,10.43,10.84,11.08,10.91
2021-07-19,002910.XSHE,10.43,10.08,10.46,10.03,4624472.0,47018406.68,10.62,10.98,11.14,10.91
2021-07-16,002910.XSHE,10.29,10.41,10.47,10.21,3248724.0,33705312.84,10.86,11.12,11.15,10.92
2021-07-15,002910.XSHE,10.91,10.37,10.91,10.32,7416877.0,77915440.97,11.0,11.2,11.14,10.91
2021-07-14,002910.XSHE,11.16,11.05,11.16,10.93,4355696.0,47946076.9,11.17,11.26,11.13,10.91
2021-07-13,002910.XSHE,11.22,11.17,11.29,11.06,4192936.0,46761525.02,11.25,11.28,11.1,10.89
2021-07-12,002910.XSHE,11.25,11.3,11.53,11.15,6852757.0,77335637.0,11.34,11.3,11.06,10.86
2021-07-09,002910.XSHE,11.18,11.12,11.2,10.87,5889499.0,64750772.88,11.37,11.29,11.03,10.82
2021-07-08,002910.XSHE,11.38,11.19,11.38,11.03,7154580.0,79909543.44,11.4,11.31,11.01,10.8
2021-07-07,002910.XSHE,11.36,11.47,11.85,11.27,8730675.0,99897388.09,11.35,11.36,11.01,10.77
2021-07-06,002910.XSHE,11.43,11.62,11.82,11.08,11194235.0,128155496.15,11.32,11.31,10.95,10.73
2021-07-05,002910.XSHE,11.13,11.46,11.61,11.11,8712383.0,99278300.64,11.25,11.29,10.88,10.69
2021-07-02,002910.XSHE,11.0,11.26,11.53,10.88,8029725.0,90540147.07,11.21,11.18,10.82,10.65
2021-07-01,002910.XSHE,11.36,10.93,11.36,10.88,4614977.0,51173627.82,11.22,11.08,10.77,10.61
2021-06-30,002910.XSHE,11.39,11.31,11.58,11.13,6154579.0,69475672.81,11.37,11.0,10.74,10.58
2021-06-29,002910.XSHE,11.26,11.31,11.94,11.15,9296204.0,107142856.23,11.31,10.91,10.69,10.54
2021-06-28,002910.XSHE,11.34,11.22,11.34,11.0,4970342.0,55702653.58,11.33,10.83,10.64,10.5
2021-06-25,002910.XSHE,11.33,11.34,11.51,11.16,8354940.0,94547153.79,11.16,10.77,10.59,10.47
2021-06-24,002910.XSHE,10.93,11.66,11.96,10.85,16712700.0,191269084.64,10.93,10.72,10.54,10.44
2021-06-23,002910.XSHE,11.36,11.03,11.36,10.9,12074751.0,133558994.35,10.64,10.67,10.47,10.39
2021-06-22,002910.XSHE,10.47,11.4,11.4,10.43,10093467.0,111303075.6,10.5,10.58,10.44,10.36
2021-06-21,002910.XSHE,10.23,10.36,10.55,10.23,5823238.0,60455114.46,10.33,10.46,10.38,10.31
2021-06-18,002910.XSHE,10.14,10.22,10.24,10.02,3004837.0,30493300.1,10.39,10.45,10.38,10.3
2021-06-17,002910.XSHE,10.3,10.18,10.42,10.09,4423059.0,45296030.45,10.5,10.46,10.38,10.29
2021-06-16,002910.XSHE,10.53,10.35,10.59,10.3,3841454.0,39945162.78,10.7,10.48,10.37,10.27
2021-06-15,002910.XSHE,10.64,10.52,10.67,10.41,5453625.0,57238658.26,10.67,10.48,10.36,10.25
2021-06-11,002910.XSHE,10.81,10.66,10.88,10.63,7593181.0,81418595.68,10.6,10.45,10.34,10.23
2021-06-10,002910.XSHE,10.98,10.78,11.15,10.66,17071195.0,185143171.25,10.52,10.41,10.32,10.2
2021-06-09,002910.XSHE,10.19,11.2,11.2,10.09,15082870.0,166187631.96,10.42,10.36,10.3,10.16
2021-06-08,002910.XSHE,10.14,10.18,10.26,10.06,2457019.0,24951903.71,10.25,10.28,10.25,10.11
2021-06-07,002910.XSHE,10.27,10.16,10.31,10.03,3684137.0,37400728.12,10.3,10.29,10.24,10.1
2021-06-04,002910.XSHE,10.31,10.27,10.46,10.23,3061214.0,31622037.69,10.3,10.31,10.23,10.1
2021-06-03,002910.XSHE,10.3,10.31,10.49,10.28,3145248.0,32651485.5,10.3,10.31,10.22,10.08
2021-06-02,002910.XSHE,10.34,10.35,10.62,10.3,4471318.0,46686414.5,10.3,10.29,10.2,10.07
2021-06-01,002910.XSHE,10.42,10.4,10.76,10.3,6873654.0,71992318.46,10.3,10.26,10.17,10.05
2021-05-31,002910.XSHE,10.28,10.18,10.28,10.11,2581971.0,26246394.58,10.29,10.24,10.14,10.03
2021-05-28,002910.XSHE,10.25,10.28,10.35,10.16,2850843.0,29251313.6,10.32,10.23,10.12,10.01
2021-05-27,002910.XSHE,10.28,10.27,10.37,10.24,2830109.0,29165525.24,10.31,10.24,10.09,9.99
2021-05-26,002910.XSHE,10.3,10.36,10.42,10.29,3165684.0,32720463.6,10.28,10.23,10.06,9.95
2021-05-25,002910.XSHE,10.36,10.35,10.43,10.24,3566751.0,36893196.66,10.23,10.22,10.02,9.92
2021-05-24,002910.XSHE,10.18,10.32,10.4,10.18,3740294.0,38486503.5,10.2,10.19,10.01,9.88
2021-05-21,002910.XSHE,10.16,10.25,10.42,10.09,3811762.0,39180906.0,10.15,10.15,9.99,9.84
2021-05-20,002910.XSHE,10.08,10.14,10.23,9.99,3266567.0,32994468.0,10.16,10.14,9.97,9.81
2021-05-19,002910.XSHE,10.21,10.08,10.21,9.98,3289060.0,33084417.38,10.18,10.11,9.95,9.77
2021-05-18,002910.XSHE,10.13,10.19,10.31,10.09,3200434.0,32675994.06,10.22,10.08,9.95,9.74
2021-05-17,002910.XSHE,10.24,10.09,10.32,10.06,5319117.0,54069207.22,10.18,10.03,9.93,9.7
2021-05-14,002910.XSHE,10.32,10.3,10.54,10.23,6152674.0,63871889.46,10.16,10.01,9.9,9.67
2021-05-13,002910.XSHE,10.24,10.22,10.36,10.14,4139862.0,42388540.72,10.11,9.95,9.86,9.64
2021-05-12,002910.XSHE,10.04,10.3,10.43,9.89,6644175.0,68023512.77,10.05,9.89,9.81,9.61
2021-05-11,002910.XSHE,10.05,10.01,10.32,9.97,5451358.0,55102785.34,9.93,9.83,9.76,9.57
2021-05-10,002910.XSHE,9.96,9.97,10.03,9.85,4115774.0,40839246.01,9.87,9.83,9.73,9.55
2021-05-07,002910.XSHE,9.89,10.07,10.13,9.71,4779441.0,47401736.65,9.86,9.83,9.69,9.53
2021-05-06,002910.XSHE,9.73,9.89,10.01,9.7,3729055.0,36759482.36,9.78,9.8,9.64,9.5
2021-04-30,002910.XSHE,9.67,9.72,9.78,9.65,2637201.0,25630675.8,9.73,9.8,9.6,9.48
2021-04-29,002910.XSHE,10.01,9.71,10.14,9.7,3842118.0,37929626.42,9.72,9.82,9.57,9.46
2021-04-28,002910.XSHE,9.69,9.89,9.9,9.63,3045917.0,29911723.02,9.78,9.83,9.54,9.44
2021-04-27,002910.XSHE,9.59,9.71,9.76,9.44,3187207.0,30585811.0,9.8,9.79,9.5,9.42
2021-04-26,002910.XSHE,9.68,9.62,9.83,9.6,2709012.0,26298551.84,9.82,9.77,9.48,9.4
2021-04-23,002910.XSHE,9.93,9.67,9.98,9.64,4390123.0,42827339.34,9.86,9.74,9.46,9.38
2021-04-22,002910.XSHE,9.92,10.02,10.19,9.84,4680012.0,46652192.84,9.91,9.7,9.45,9.36
2021-04-21,002910.XSHE,9.81,9.98,10.27,9.77,6985620.0,70371948.42,9.88,9.62,9.42,9.33
2021-04-20,002910.XSHE,9.79,9.82,9.94,9.74,5004370.0,49307183.5,9.77,9.55,9.38,9.3
2021-04-19,002910.XSHE,9.98,9.82,9.98,9.78,5319093.0,52254504.56,9.72,9.48,9.35,9.28
2021-04-16,002910.XSHE,9.67,9.91,10.02,9.64,7254565.0,71495358.7,9.61,9.41,9.32,9.26
2021-04-15,002910.XSHE,9.78,9.88,10.39,9.57,11472498.0,113730841.99,9.5,9.33,9.28,9.25
2021-04-14,002910.XSHE,9.54,9.44,9.58,9.38,4009579.0,37935188.93,9.37,9.25,9.25,9.23
2021-04-13,002910.XSHE,9.27,9.56,9.64,9.27,6222763.0,59106181.68,9.32,9.22,9.24,9.23
2021-04-12,002910.XSHE,9.32,9.28,9.42,9.23,3229523.0,30138452.82,9.25,9.19,9.21,9.23
2021-04-09,002910.XSHE,9.21,9.33,9.47,9.1,4398733.0,40930118.06,9.21,9.19,9.2,9.24
2021-04-08,002910.XSHE,9.2,9.22,9.37,9.19,3365577.0,31242591.41,9.15,9.19,9.19,9.24
2021-04-07,002910.XSHE,9.16,9.22,9.23,9.12,2162693.0,19859207.6,9.14,9.21,9.18,9.25
2021-04-06,002910.XSHE,9.11,9.19,9.26,9.04,2458835.0,22496393.22,9.11,9.21,9.17,9.27
2021-04-02,002910.XSHE,9.04,9.08,9.14,9.01,1695842.0,15388732.97,9.13,9.21,9.18,9.29
2021-04-01,002910.XSHE,9.13,9.06,9.15,9.02,1982786.0,17970353.0,9.17,9.22,9.19,9.31
2021-03-31,002910.XSHE,9.13,9.15,9.19,9.05,1742102.0,15915480.0,9.23,9.23,9.2,9.32
2021-03-30,002910.XSHE,9.26,9.09,9.27,9.09,3256664.0,29830140.92,9.28,9.25,9.22,9.32
2021-03-29,002910.XSHE,9.28,9.28,9.36,9.2,2883980.0,26705719.59,9.3,9.25,9.24,9.33
2021-03-26,002910.XSHE,9.32,9.27,9.34,9.16,3171676.0,29324052.0,9.29,9.23,9.25,9.32
2021-03-25,002910.XSHE,9.3,9.35,9.5,9.26,4296670.0,40204800.36,9.28,9.21,9.26,9.32
2021-03-24,002910.XSHE,9.13,9.42,9.56,9.09,5835101.0,54594749.06,9.24,9.19,9.26,9.31
2021-03-23,002910.XSHE,9.24,9.19,9.28,9.16,2367929.0,21807965.35,9.21,9.14,9.27,9.31
2021-03-22,002910.XSHE,9.18,9.24,9.26,9.14,1920316.0,17675512.52,9.2,9.14,9.3,9.32
2021-03-19,002910.XSHE,9.1,9.19,9.21,9.0,2011844.0,18390045.0,9.16,9.14,9.32,9.33
2021-03-18,002910.XSHE,9.26,9.14,9.26,9.11,2148920.0,19700551.0,9.15,9.16,9.36,9.35
2021-03-17,002910.XSHE,9.13,9.28,9.33,9.12,2594058.0,23945094.18,9.14,9.18,9.37,9.39
2021-03-16,002910.XSHE,9.01,9.16,9.2,8.99,2261747.0,20584214.0,9.08,9.2,9.36,9.41
2021-03-15,002910.XSHE,9.11,9.02,9.14,8.95,1898316.0,17169261.0,9.07,9.22,9.36,9.44
2021-03-12,002910.XSHE,9.1,9.14,9.21,8.99,1897514.0,17250703.0,9.12,9.28,9.37,9.49
2021-03-11,002910.XSHE,8.98,9.1,9.13,8.88,2028277.0,18297559.0,9.17,9.31,9.37,9.52
2021-03-10,002910.XSHE,9.17,8.99,9.17,8.97,2460747.0,22246643.8,9.21,9.34,9.37,9.55
2021-03-09,002910.XSHE,9.27,9.11,9.33,8.87,4455056.0,40566193.0,9.31,9.4,9.39,9.58
2021-03-08,002910.XSHE,9.4,9.27,9.51,9.26,3222779.0,30226250.0,9.37,9.46,9.42,9.61
2021-03-05,002910.XSHE,9.26,9.38,9.44,9.2,2739021.0,25602757.0,9.43,9.51,9.43,9.64
2021-03-04,002910.XSHE,9.47,9.32,9.49,9.29,3260154.0,30573714.0,9.45,9.55,9.45,9.64
2021-03-03,002910.XSHE,9.35,9.49,9.55,9.3,3084501.0,29083342.0,9.47,9.56,9.49,9.63
2021-03-02,002910.XSHE,9.61,9.38,9.65,9.3,3149998.0,29791614.06,9.49,9.52,9.51,9.63
2021-03-01,002910.XSHE,9.5,9.58,9.6,9.43,3158029.0,30092648.66,9.55,9.51,9.55,9.66
2021-02-26,002910.XSHE,9.3,9.46,9.5,9.25,2545864.0,23887868.14,9.59,9.47,9.59,9.72
2021-02-25,002910.XSHE,9.59,9.42,9.67,9.4,3400436.0,32250591.0,9.66,9.43,9.62,9.83
2021-02-24,002910.XSHE,9.73,9.59,9.8,9.55,4023642.0,38869572.56,9.65,9.4,9.65,9.93
2021-02-23,002910.XSHE,9.86,9.71,9.91,9.57,4173115.0,40546852.84,9.56,9.38,9.67,9.98
2021-02-22,002910.XSHE,9.85,9.77,10.13,9.75,7331851.0,72500733.78,9.47,9.37,9.69,10.0
2021-02-19,002910.XSHE,9.36,9.79,9.88,9.34,6115478.0,58876100.5,9.35,9.34,9.71,9.99
2021-02-18,002910.XSHE,9.22,9.37,9.45,9.22,4605266.0,42954656.68,9.21,9.35,9.68,9.98
2021-02-10,002910.XSHE,9.23,9.18,9.3,9.1,2929146.0,26854727.53,9.16,9.43,9.67,9.97
2021-02-09,002910.XSHE,9.18,9.23,9.23,9.01,3560764.0,32566992.34,9.2,9.5,9.69,9.98
2021-02-08,002910.XSHE,9.38,9.2,9.6,9.14,4069496.0,37701473.71,9.27,9.59,9.74,9.98
2021-02-05,002910.XSHE,9.2,9.06,9.3,8.96,3091628.0,28189335.73,9.33,9.71,9.85,9.99
2021-02-04,002910.XSHE,9.31,9.14,9.37,8.94,4081593.0,37286853.9,9.49,9.81,10.03,10.03
2021-02-03,002910.XSHE,9.58,9.35,9.61,9.26,4399444.0,41351156.25,9.7,9.9,10.19,10.11
2021-02-02,002910.XSHE,9.52,9.62,9.65,9.36,3937714.0,37426901.16,9.8,9.96,10.29,10.18
2021-02-01,002910.XSHE,9.81,9.47,9.81,9.36,5841962.0,55692256.08,9.91,10.01,10.32,10.25
2021-01-29,002910.XSHE,10.21,9.89,10.28,9.61,8295287.0,81516641.88,10.09,10.08,10.32,10.33
2021-01-28,002910.XSHE,9.69,10.18,10.7,9.68,11596872.0,119565802.65,10.12,10.02,10.29,10.39
2021-01-27,002910.XSHE,9.94,9.83,10.34,9.73,9312780.0,92695075.87,10.1,9.9,10.24,10.45
2021-01-26,002910.XSHE,10.28,10.16,10.9,10.11,10501195.0,110147775.6,10.12,9.88,10.22,10.51
2021-01-25,002910.XSHE,11.08,10.38,11.08,10.36,14743688.0,157288387.42,10.12,9.89,10.18,10.56
2021-01-22,002910.XSHE,9.98,10.07,10.44,9.96,9058983.0,92410303.48,10.07,9.99,10.13,10.59
2021-01-21,002910.XSHE,9.94,10.06,10.21,9.84,8062946.0,81138109.08,9.91,10.24,10.14,10.63
2021-01-20,002910.XSHE,10.29,9.94,10.3,9.84,6981969.0,69800059.0,9.7,10.48,10.22,10.67
2021-01-19,002910.XSHE,10.29,10.14,10.66,9.94,14036631.0,144112614.4,9.63,10.61,10.3,10.71
2021-01-18,002910.XSHE,9.13,10.16,10.16,9.08,7356791.0,71595023.1,9.65,10.62,10.38,10.74
2021-01-15,002910.XSHE,8.99,9.23,9.29,8.99,7938565.0,72827969.99,9.9,10.56,10.46,10.77
2021-01-14,002910.XSHE,9.36,9.01,9.41,8.88,14279283.0,130078505.7,10.58,10.56,10.58,10.83
2021-01-13,002910.XSHE,9.52,9.63,10.3,9.52,22962094.0,224826209.31,11.26,10.58,10.73,10.89
2021-01-12,002910.XSHE,10.24,10.24,10.24,10.24,3210855.0,32877144.0,11.59,10.56,10.83,10.92
2021-01-11,002910.XSHE,11.63,11.38,11.9,11.38,5511179.0,63419425.0,11.6,10.46,10.9,10.94
2021-01-08,002910.XSHE,13.65,12.64,13.65,12.11,36342794.0,471414317.74,11.22,10.27,10.89,10.92
2021-01-07,002910.XSHE,12.41,12.41,12.41,12.41,4055647.0,50350825.36,10.54,10.05,10.83,10.86
2021-01-06,002910.XSHE,10.64,11.29,11.29,10.4,6187849.0,68978622.1,9.9,9.96,10.76,10.8
2021-01-05,002910.XSHE,9.42,10.26,10.44,9.42,10791103.0,107930684.94,9.52,9.98,10.75,10.79
2021-01-04,002910.XSHE,9.25,9.51,9.51,9.23,4107920.0,38532060.48,9.33,10.13,10.8,10.82
2020-12-31,002910.XSHE,9.18,9.24,9.31,9.17,2768760.0,25644164.56,9.32,10.36,10.88,10.88
2020-12-30,002910.XSHE,9.44,9.22,9.44,9.09,3522080.0,32615883.0,9.55,10.6,10.96,10.94
2020-12-29,002910.XSHE,9.33,9.36,9.48,9.26,3449911.0,32338224.56,10.02,10.87,11.04,11.0
2020-12-28,002910.XSHE,9.35,9.34,9.58,9.29,4994440.0,47200748.39,10.45,11.1,11.11,11.06
2020-12-25,002910.XSHE,9.97,9.42,9.97,9.38,9627381.0,92067688.17,10.92,11.33,11.18,11.12
2020-12-24,002910.XSHE,11.44,10.41,11.61,10.41,9427327.0,103091384.36,11.4,11.51,11.25,11.18
2020-12-23,002910.XSHE,11.47,11.57,11.91,11.39,7520055.0,87508938.62,11.66,11.61,11.26,11.21
2020-12-22,002910.XSHE,11.56,11.49,11.86,11.4,6641065.0,77080236.27,11.72,11.56,11.22,11.19
2020-12-21,002910.XSHE,11.97,11.7,12.08,11.49,6429931.0,75140149.04,11.75,11.53,11.2,11.18
2020-12-18,002910.XSHE,11.58,11.83,11.93,11.39,7074039.0,82557501.96,11.74,11.48,11.17,11.15
2020-12-17,002910.XSHE,11.75,11.69,11.9,11.38,6903898.0,80086764.4,11.61,11.4,11.14,11.12
2020-12-16,002910.XSHE,11.52,11.9,12.01,11.51,9863303.0,116329324.25,11.56,11.32,11.11,11.09
2020-12-15,002910.XSHE,11.52,11.65,11.71,11.37,6192355.0,71551042.88,11.4,11.21,11.07,11.05
2020-12-14,002910.XSHE,11.14,11.65,11.73,11.06,8839830.0,101975773.92,11.3,11.12,11.05,11.02
2020-12-11,002910.XSHE,11.32,11.17,11.35,10.84,5389566.0,59764998.32,11.21,11.02,11.02,10.99
2020-12-10,002910.XSHE,11.11,11.41,11.48,10.98,6612593.0,74735996.47,11.19,10.99,11.02,10.97
2020-12-09,002910.XSHE,11.16,11.11,11.44,11.11,4790968.0,53864310.18,11.08,10.92,11.02,10.96
2020-12-08,002910.XSHE,11.17,11.15,11.33,11.08,4498944.0,50392484.0,11.02,10.88,11.01,10.95
2020-12-07,002910.XSHE,11.0,11.21,11.33,10.94,5727798.0,64127338.58,10.94,10.87,11.01,10.93
2020-12-04,002910.XSHE,10.86,11.05,11.08,10.79,2919168.0,32025236.84,10.84,10.87,10.99,10.91
2020-12-03,002910.XSHE,10.73,10.87,10.92,10.7,1542501.0,16654178.0,10.79,10.88,10.98,10.91
2020-12-02,002910.XSHE,10.87,10.81,10.87,10.72,1416165.0,15255058.64,10.76,10.91,10.97,10.92
2020-12-01,002910.XSHE,10.7,10.77,10.8,10.63,1315244.0,14140773.0,10.74,10.93,10.97,10.94
2020-11-30,002910.XSHE,10.78,10.7,10.86,10.69,1538593.0,16586023.0,10.8,10.97,10.97,10.95
2020-11-27,002910.XSHE,10.75,10.78,10.81,10.63,1507831.0,16183634.0,10.9,11.01,10.97,10.95
2020-11-26,002910.XSHE,10.71,10.72,10.8,10.63,1604325.0,17194193.0,10.97,11.06,10.96,10.96
2020-11-25,002910.XSHE,11.08,10.72,11.08,10.71,3841360.0,41700412.02,11.06,11.12,10.98,10.96
2020-11-24,002910.XSHE,11.19,11.09,11.21,11.07,1722964.0,19162345.0,11.12,11.14,10.98,10.96
2020-11-23,002910.XSHE,11.17,11.17,11.23,11.09,2321242.0,25905825.13,11.14,11.14,10.96,10.96
2020-11-20,002910.XSHE,11.17,11.16,11.18,11.07,1946688.0,21658080.86,11.13,11.12,10.94,10.95
2020-11-19,002910.XSHE,10.98,11.14,11.25,10.76,3924990.0,43398112.0,11.14,11.07,10.93,10.93
2020-11-18,002910.XSHE,11.22,11.02,11.22,10.98,2604311.0,28811791.28,11.18,11.04,10.93,10.91
2020-11-17,002910.XSHE,11.12,11.21,11.22,10.94,2824196.0,31345363.85,11.17,11.02,10.95,10.88
2020-11-16,002910.XSHE,11.22,11.12,11.25,10.98,2668364.0,29685006.0,11.15,10.98,10.94,10.86
2020-11-13,002910.XSHE,11.23,11.22,11.26,11.06,3005919.0,33519004.36,11.11,10.93,10.92,10.84
2020-11-12,002910.XSHE,10.94,11.32,11.34,10.88,5223276.0,58330412.81,11.0,10.87,10.91,10.82
2020-11-11,002910.XSHE,11.03,10.99,11.16,10.88,2750529.0,30235166.0,10.91,10.85,10.88,10.8
2020-11-10,002910.XSHE,10.92,11.08,11.1,10.81,3433879.0,37675418.32,10.87,10.82,10.87,10.79
2020-11-09,002910.XSHE,10.71,10.92,11.08,10.7,4447040.0,48514595.0,10.8,10.78,10.86,10.8
2020-11-06,002910.XSHE,10.85,10.69,10.86,10.59,1790399.0,19150251.0,10.75,10.75,10.86,10.81
2020-11-05,002910.XSHE,10.78,10.86,10.9,10.72,1784587.0,19294113.0,10.74,10.78,10.86,10.83
2020-11-04,002910.XSHE,10.74,10.78,10.84,10.49,2031384.0,21677506.0,10.79,10.82,10.84,10.84
2020-11-03,002910.XSHE,10.58,10.77,10.88,10.55,1805429.0,19398920.0,10.77,10.89,10.82,10.85
2020-11-02,002910.XSHE,10.7,10.63,10.92,10.61,2637400.0,28423166.42,10.76,10.91,10.8,10.88
2020-10-30,002910.XSHE,11.07,10.68,11.25,10.64,4468483.0,49106441.0,10.76,10.92,10.79,10.9
2020-10-29,002910.XSHE,10.48,11.07,11.2,10.33,4630685.0,50544407.04,10.82,10.95,10.79,10.92
2020-10-28,002910.XSHE,10.71,10.68,10.8,10.55,2134250.0,22725650.28,10.86,10.92,10.78,10.94
2020-10-27,002910.XSHE,10.61,10.72,10.92,10.58,1863665.0,19960311.48,11.01,10.92,10.78,10.98
2020-10-26,002910.XSHE,10.79,10.66,10.87,10.56,2622190.0,28036692.02,11.07,10.94,10.81,11.03
2020-10-23,002910.XSHE,11.2,10.97,11.24,10.9,4319803.0,47689044.18,11.08,10.97,10.84,11.1
2020-10-22,002910.XSHE,11.34,11.25,11.57,11.13,7135871.0,80711306.49,11.08,10.94,10.86,11.18
2020-10-21,002910.XSHE,11.1,11.46,11.48,10.88,10335347.0,116257454.68,10.98,10.86,10.85,11.24
2020-10-20,002910.XSHE,10.78,10.99,11.28,10.68,3410755.0,37457687.05,10.83,10.75,10.84,11.28
2020-10-19,002910.XSHE,10.99,10.73,11.02,10.72,2514330.0,27263399.24,10.82,10.68,10.86,11.35
2020-10-16,002910.XSHE,10.75,10.96,10.98,10.66,2489805.0,27065857.0,10.85,10.66,10.89,11.42
2020-10-15,002910.XSHE,10.75,10.74,10.79,10.62,1561539.0,16714150.0,10.8,10.63,10.91,11.46
2020-10-14,002910.XSHE,10.91,10.75,10.92,10.72,1920360.0,20733956.24,10.74,10.64,10.95,11.51
2020-10-13,002910.XSHE,10.86,10.91,10.96,10.78,2139477.0,23265447.4,10.66,10.64,11.02,11.57
2020-10-12,002910.XSHE,10.65,10.9,10.98,10.65,3143492.0,34177759.86,10.55,10.67,11.07,11.63
2020-10-09,002910.XSHE,10.5,10.7,10.77,10.5,2395714.0,25504464.78,10.48,10.72,11.16,11.69
2020-09-30,002910.XSHE,10.41,10.43,10.52,10.3,2189431.0,22767241.68,10.45,10.77,11.29,11.73
2020-09-29,002910.XSHE,10.3,10.36,10.56,10.3,2801903.0,29191560.74,10.53,10.84,11.43,11.79
2020-09-28,002910.XSHE,10.54,10.35,10.66,10.3,1800195.0,18832783.12,10.62,10.93,11.55,11.86
2020-09-25,002910.XSHE,10.71,10.54,10.76,10.44,1914949.0,20237995.0,10.79,11.04,11.69,11.91
2020-09-24,002910.XSHE,10.77,10.59,10.78,10.47,2865460.0,30343887.0,10.96,11.12,11.8,11.96
2020-09-23,002910.XSHE,10.86,10.83,10.92,10.74,2204131.0,23831600.0,11.09,11.18,11.88,12.0
2020-09-22,002910.XSHE,11.16,10.81,11.16,10.78,3990923.0,43695736.18,11.14,11.27,11.95,12.02
2020-09-21,002910.XSHE,11.29,11.2,11.3,11.13,2903533.0,32492731.0,11.23,11.39,12.04,12.04
2020-09-18,002910.XSHE,11.17,11.36,11.38,11.04,3672307.0,41096018.52,11.28,11.48,12.11,12.07
2020-09-17,002910.XSHE,11.19,11.24,11.5,11.09,4104128.0,46136643.16,11.28,11.6,12.17,12.08
2020-09-16,002910.XSHE,11.23,11.08,11.24,10.95,3244422.0,35931119.0,11.28,11.82,12.21,12.1
2020-09-15,002910.XSHE,11.36,11.26,11.41,11.21,2946022.0,33247845.88,11.4,12.02,12.26,12.14
2020-09-14,002910.XSHE,11.32,11.46,11.54,11.28,3685513.0,41969257.6,11.55,12.18,12.32,12.18
2020-09-11,002910.XSHE,11.14,11.34,11.38,11.05,3562835.0,40032628.41,11.67,12.34,12.35,12.2
2020-09-10,002910.XSHE,11.76,11.26,11.83,11.16,6899916.0,78839399.38,11.93,12.48,12.37,12.21
2020-09-09,002910.XSHE,11.81,11.69,12.11,11.59,6480205.0,76981048.76,12.35,12.58,12.41,12.22
2020-09-08,002910.XSHE,12.01,12.0,12.13,11.75,6804579.0,81029696.0,12.63,12.62,12.4,12.23
2020-09-07,002910.XSHE,12.66,12.06,12.98,12.04,10639746.0,132712731.88,12.81,12.68,12.37,12.22
2020-09-04,002910.XSHE,13.07,12.66,13.23,12.51,11790401.0,150874018.0,13.0,12.75,12.36,12.17
2020-09-03,002910.XSHE,13.07,13.34,13.93,12.93,14562473.0,196641751.76,13.02,12.74,12.31,12.1
2020-09-02,002910.XSHE,13.02,13.09,13.52,12.95,12094639.0,159952765.22,12.8,12.6,12.24,12.01
2020-09-01,002910.XSHE,13.27,12.91,13.29,12.67,8175251.0,105626236.08,12.62,12.51,12.2,11.94
2020-08-31,002910.XSHE,12.77,13.01,13.54,12.75,14044033.0,184090744.53,12.55,12.46,12.18,11.88
2020-08-28,002910.XSHE,12.18,12.76,13.07,12.08,13113257.0,165625663.94,12.5,12.36,12.14,11.81
2020-08-27,002910.XSHE,12.1,12.24,12.4,12.05,7606890.0,92937758.6,12.45,12.27,12.08,11.74
2020-08-26,002910.XSHE,12.59,12.16,12.95,12.04,9018782.0,111526235.04,12.4,12.24,12.04,11.68
2020-08-25,002910.XSHE,12.64,12.58,13.08,12.46,10789720.0,136634365.12,12.4,12.18,12.03,11.64
2020-08-24,002910.XSHE,12.3,12.77,12.91,12.3,12614268.0,159591565.77,12.37,12.06,11.99,11.59
2020-08-21,002910.XSHE,12.28,12.49,12.89,12.21,14003352.0,175428693.36,12.23,11.97,11.88,11.54
2020-08-20,002910.XSHE,12.1,12.01,12.57,11.83,6841720.0,83163641.83,12.09,11.89,11.78,11.49
2020-08-19,002910.XSHE,12.41,12.14,12.57,12.08,10350450.0,127385114.59,12.08,11.88,11.72,11.46
2020-08-18,002910.XSHE,12.04,12.45,12.5,11.85,13175930.0,161563322.7,11.96,11.89,11.66,11.42
2020-08-17,002910.XSHE,11.88,12.05,12.26,11.82,8333036.0,100410531.82,11.76,11.9,11.59,11.36
2020-08-14,002910.XSHE,11.83,11.82,11.93,11.55,5773275.0,67841138.49,11.71,11.91,11.53,11.32
2020-08-13,002910.XSHE,11.6,11.93,12.29,11.49,11142755.0,133115666.94,11.69,11.88,11.47,11.28
2020-08-12,002910.XSHE,11.38,11.55,11.61,11.21,6086484.0,69464302.16,11.68,11.84,11.39,11.22
2020-08-11,002910.XSHE,11.73,11.44,11.9,11.37,8101658.0,94644867.11,11.82,11.88,11.36,11.18
2020-08-10,002910.XSHE,11.81,11.81,11.94,11.53,7766431.0,91356237.73,12.04,11.91,11.35,11.14
2020-08-07,002910.XSHE,11.83,11.7,12.15,11.51,10282398.0,121817476.74,12.11,11.79,11.33,11.09
2020-08-06,002910.XSHE,12.22,11.92,12.45,11.76,10694802.0,127813616.2,12.08,11.66,11.29,11.04
2020-08-05,002910.XSHE,12.33,12.24,12.49,12.01,13933839.0,170575963.33,11.99,11.56,11.25,10.98
2020-08-04,002910.XSHE,12.08,12.51,13.29,11.98,23736997.0,298081096.37,11.94,11.44,11.18,10.91
2020-08-03,002910.XSHE,11.54,12.19,12.41,11.49,17203032.0,205186681.11,11.78,11.28,11.1,10.83
2020-07-31,002910.XSHE,11.36,11.52,11.71,11.24,12164610.0,139842253.76,11.47,11.14,11.02,10.77
2020-07-30,002910.XSHE,11.63,11.48,11.85,11.46,15476502.0,179846406.31,11.25,11.06,10.97,10.73
2020-07-29,002910.XSHE,11.7,12.0,12.07,11.32,23730242.0,277538635.95,11.13,10.95,10.92,10.69
2020-07-28,002910.XSHE,10.56,11.7,11.7,10.56,19354470.0,218899751.95,10.93,10.85,10.83,10.63
2020-07-27,002910.XSHE,10.44,10.64,10.86,10.36,4942140.0,52307160.25,10.78,10.8,10.76,10.57
2020-07-24,002910.XSHE,10.84,10.44,11.23,10.44,6620061.0,71842698.69,10.82,10.87,10.74,10.55
2020-07-23,002910.XSHE,10.98,10.89,11.08,10.51,4997883.0,53944077.33,10.86,10.91,10.72,10.55
2020-07-22,002910.XSHE,11.0,10.98,11.17,10.84,5928037.0,65320063.24,10.77,10.93,10.68,10.54
2020-07-21,002910.XSHE,10.86,10.93,11.06,10.81,3935144.0,43004879.26,10.76,10.92,10.65,10.52
2020-07-20,002910.XSHE,10.65,10.87,10.89,10.64,3948077.0,42628757.08,10.82,10.91,10.61,10.5
2020-07-17,002910.XSHE,10.47,10.62,10.64,10.12,3518944.0,36993916.12,10.92,10.9,10.58,10.5
2020-07-16,002910.XSHE,10.96,10.44,10.96,10.42,5449951.0,58356244.84,10.96,10.89,10.57,10.51
2020-07-15,002910.XSHE,11.24,10.95,11.26,10.76,5625374.0,62000794.9,11.1,10.88,10.56,10.53
2020-07-14,002910.XSHE,11.33,11.21,11.48,10.98,7468560.0,83920023.92,11.08,10.82,10.52,10.53
2020-07-13,002910.XSHE,10.84,11.38,11.39,10.82,10397869.0,116498802.18,11.01,10.73,10.46,10.53
2020-07-10,002910.XSHE,11.03,10.82,11.13,10.82,6676260.0,73096984.48,10.88,10.61,10.39,10.52
2020-07-09,002910.XSHE,10.92,11.12,11.21,10.85,8348571.0,92106974.9,10.82,10.53,10.37,10.54
2020-07-08,002910.XSHE,10.75,10.88,11.01,10.7,6432557.0,69739758.6,10.67,10.44,10.34,10.53
2020-07-07,002910.XSHE,10.76,10.85,11.07,10.63,7662961.0,83003931.6,10.55,10.37,10.31,10.53
2020-07-06,002910.XSHE,10.51,10.73,10.79,10.5,5980011.0,63923256.57,10.45,10.31,10.3,10.52
2020-07-03,002910.XSHE,10.34,10.53,10.55,10.31,4166731.0,43467740.46,10.34,10.27,10.3,10.49
2020-07-02,002910.XSHE,10.32,10.35,10.37,10.28,3378516.0,34888474.73,10.24,10.25,10.32,10.49
2020-07-01,002910.XSHE,10.33,10.31,10.43,10.23,2469901.0,25504608.0,10.21,10.24,10.35,10.5
2020-06-30,002910.XSHE,10.16,10.33,10.43,10.16,3514727.0,36211414.82,10.18,10.22,10.39,10.51
2020-06-29,002910.XSHE,10.02,10.18,10.18,9.94,2367970.0,23868418.24,10.18,10.19,10.43,10.5
2020-06-24,002910.XSHE,10.19,10.04,10.19,10.02,2680484.0,27000793.0,10.2,10.18,10.47,10.5
2020-06-23,002910.XSHE,10.18,10.18,10.27,10.14,1643884.0,16739883.0,10.26,10.21,10.54,10.51
2020-06-22,002910.XSHE,10.28,10.19,10.28,10.14,2622237.0,26773039.7,10.26,10.24,10.57,10.5
2020-06-19,002910.XSHE,10.28,10.29,10.38,10.24,2201362.0,22663159.28,10.25,10.26,10.61,10.49
2020-06-18,002910.XSHE,10.31,10.28,10.39,10.22,2217740.0,22821780.6,10.2,10.28,10.62,10.48
2020-06-17,002910.XSHE,10.25,10.34,10.38,10.09,3714307.0,38119802.0,10.16,10.34,10.61,10.47
2020-06-16,002910.XSHE,10.05,10.22,10.24,10.05,2580752.0,26235574.4,10.17,10.38,10.61,10.45
2020-06-15,002910.XSHE,10.06,10.1,10.27,10.03,2502897.0,25387812.23,10.21,10.46,10.63,10.44
2020-06-12,002910.XSHE,9.89,10.08,10.12,9.88,2449006.0,24566773.5,10.27,10.57,10.65,10.43
2020-06-11,002910.XSHE,10.39,10.05,10.39,10.02,4273736.0,43568518.78,10.36,10.67,10.66,10.42
2020-06-10,002910.XSHE,10.39,10.4,10.48,10.34,2281541.0,23734192.38,10.53,10.76,10.66,10.41
2020-06-09,002910.XSHE,10.41,10.44,10.48,10.26,2944433.0,30549859.98,10.59,10.86,10.66,10.4
2020-06-08,002910.XSHE,10.52,10.37,10.64,10.36,3675496.0,38518446.16,10.71,10.91,10.63,10.42
2020-06-05,002910.XSHE,10.85,10.52,10.85,10.44,5926055.0,62640066.34,10.87,10.97,10.61,10.43
2020-06-04,002910.XSHE,10.74,10.9,10.9,10.67,5174065.0,55986760.86,10.99,10.96,10.58,10.42
2020-06-03,002910.XSHE,10.98,10.74,11.0,10.71,6271178.0,68042089.0,10.99,10.87,10.53,10.4
2020-06-02,002910.XSHE,11.18,11.03,11.24,10.86,7607669.0,83773247.77,11.13,10.84,10.49,10.38
2020-06-01,002910.XSHE,10.99,11.18,11.31,10.83,8592711.0,95361959.36,11.1,10.79,10.43,10.36
2020-05-29,002910.XSHE,10.8,11.09,11.36,10.77,9257701.0,102969580.0,11.07,10.73,10.36,10.34
2020-05-28,002910.XSHE,11.28,10.92,11.35,10.69,10094358.0,110939680.28,10.93,10.64,10.29,10.35
2020-05-27,002910.XSHE,10.91,11.43,11.59,10.79,14467658.0,163252451.32,10.75,10.56,10.24,10.37
2020-05-26,002910.XSHE,10.93,10.89,11.12,10.66,11153745.0,121290079.31,10.55,10.45,10.17,10.38
2020-05-25,002910.XSHE,10.29,11.0,11.41,10.22,13916036.0,150458630.23,10.48,10.36,10.17,10.42
2020-05-22,002910.XSHE,10.02,10.4,10.73,9.86,8825972.0,91563834.31,10.4,10.25,10.15,10.45
2020-05-21,002910.XSHE,10.41,10.05,10.49,10.04,5144922.0,52509268.0,10.35,10.2,10.15,10.52
2020-05-20,002910.XSHE,10.44,10.41,10.78,10.25,6748215.0,71117009.5,10.36,10.18,10.17,10.58
2020-05-19,002910.XSHE,10.64,10.52,10.65,10.36,6920367.0,72491360.88,10.35,10.14,10.16,10.63
2020-05-18,002910.XSHE,10.29,10.63,10.74,10.16,11009830.0,115889421.0,10.24,10.07,10.15,10.69
2020-05-15,002910.XSHE,10.11,10.14,10.32,10.0,3630952.0,36881019.43,10.09,9.99,10.14,10.75
2020-05-14,002910.XSHE,10.19,10.08,10.32,10.04,4615996.0,46853230.42,10.05,9.94,10.21,10.8
2020-05-13,002910.XSHE,9.96,10.36,10.44,9.87,7240495.0,73919141.8,10.01,9.92,10.28,10.84
2020-05-12,002910.XSHE,9.85,9.97,9.98,9.83,2935376.0,29093659.05,9.93,9.9,10.34,10.86
2020-05-11,002910.XSHE,9.93,9.91,10.06,9.77,3087225.0,30579106.5,9.9,9.98,10.45,10.93
2020-05-08,002910.XSHE,9.91,9.94,10.03,9.75,3689541.0,36607463.08,9.88,10.06,10.55,11.0
2020-05-07,002910.XSHE,9.97,9.85,10.09,9.83,4113783.0,40948297.12,9.82,10.11,10.69,11.04
2020-05-06,002910.XSHE,9.73,9.97,10.02,9.69,3695073.0,36628788.36,9.84,10.16,10.78,11.06
2020-04-30,002910.XSHE,9.68,9.82,9.88,9.65,3718739.0,36376012.95,9.87,10.18,10.88,11.05
2020-04-29,002910.XSHE,9.69,9.82,9.84,9.46,3874365.0,37334365.7,10.07,10.23,11.01,11.04
2020-04-28,002910.XSHE,9.93,9.65,10.0,9.35,4353919.0,42305706.4,10.24,10.3,11.13,11.04
2020-04-27,002910.XSHE,10.1,9.95,10.1,9.69,5100256.0,50437072.9,10.39,10.48,11.23,11.05
2020-04-24,002910.XSHE,10.65,10.11,10.65,10.09,7811869.0,80880085.68,10.47,10.63,11.3,11.06
2020-04-23,002910.XSHE,10.59,10.81,11.06,10.48,10336019.0,110976645.0,10.48,10.78,11.35,11.07
2020-04-22,002910.XSHE,10.31,10.68,10.71,10.24,7791521.0,82205439.3,10.39,10.91,11.4,11.06
2020-04-21,002910.XSHE,10.27,10.4,10.51,10.13,5773680.0,59664683.07,10.36,11.04,11.47,11.06
2020-04-20,002910.XSHE,10.18,10.36,10.37,10.05,5090162.0,52203090.73,10.56,11.27,11.51,11.07
2020-04-17,002910.XSHE,10.34,10.17,10.45,10.14,7011146.0,71982485.93,10.79,11.41,11.52,11.09
2020-04-16,002910.XSHE,10.41,10.33,10.55,10.19,6384878.0,66043825.84,11.08,11.58,11.49,11.12
2020-04-15,002910.XSHE,11.08,10.54,11.08,10.51,12164387.0,130754629.71,11.43,11.79,11.45,11.13
2020-04-14,002910.XSHE,11.49,11.42,11.55,11.17,7241071.0,82319942.39,11.73,11.97,11.41,11.14
2020-04-13,002910.XSHE,11.43,11.5,11.78,11.37,5458488.0,62838193.0,11.97,11.98,11.34,11.1
2020-04-10,002910.XSHE,11.99,11.61,12.09,11.36,10403945.0,121887500.9,12.03,11.98,11.27,11.05
2020-04-09,002910.XSHE,12.03,12.09,12.38,11.71,14403171.0,172904670.85,12.08,11.91,11.21,11.02
2020-04-08,002910.XSHE,12.31,12.03,12.64,12.01,17015386.0,208416589.92,12.15,11.9,11.14,10.96
2020-04-07,002910.XSHE,11.6,12.61,12.64,11.42,22705696.0,276817559.56,12.2,11.9,11.07,10.91
2020-04-03,002910.XSHE,11.59,11.83,12.21,11.34,14444955.0,171163895.85,12.0,11.76,10.97,10.84
2020-04-02,002910.XSHE,11.98,11.84,12.33,11.61,17386688.0,206592849.56,11.92,11.62,10.92,10.8
2020-04-01,002910.XSHE,12.09,12.42,13.3,11.73,26425120.0,325905893.52,11.74,11.4,10.89,10.76
2020-03-31,002910.XSHE,11.33,12.32,12.32,11.08,23256770.0,277696857.33,11.65,11.11,10.81,10.69
2020-03-30,002910.XSHE,11.23,11.58,12.13,11.23,17972222.0,210708061.98,11.59,10.86,10.72,10.63
2020-03-27,002910.XSHE,11.03,11.43,11.87,11.0,15164296.0,174693418.99,11.51,10.7,10.66,10.58
2020-03-26,002910.XSHE,11.75,10.95,11.8,10.88,13215248.0,149872490.74,11.33,10.57,10.58,10.53
2020-03-25,002910.XSHE,11.89,11.95,12.35,11.48,15043658.0,179267172.13,11.05,10.51,10.57,10.49
2020-03-24,002910.XSHE,11.19,12.03,12.2,11.11,18820831.0,217875274.75,10.57,10.38,10.49,10.43
2020-03-23,002910.XSHE,10.49,11.2,11.53,10.34,16972118.0,189245916.24,10.14,10.24,10.41,10.36
2020-03-20,002910.XSHE,9.65,10.52,10.52,9.51,5165545.0,51664037.08,9.89,10.18,10.38,10.33
2020-03-19,002910.XSHE,9.48,9.56,9.63,9.34,2039515.0,19360598.68,9.81,10.22,10.38,10.31
2020-03-18,002910.XSHE,9.93,9.56,9.99,9.55,1981997.0,19469765.0,9.96,10.37,10.44,10.31
2020-03-17,002910.XSHE,10.0,9.84,10.16,9.44,2372622.0,23235055.0,10.18,10.5,10.48,10.31
2020-03-16,002910.XSHE,10.21,9.97,10.58,9.95,2896238.0,29860881.0,10.34,10.59,10.51,10.29
2020-03-13,002910.XSHE,10.06,10.1,10.23,9.74,2445656.0,24381440.0,10.47,10.62,10.52,10.28
2020-03-12,002910.XSHE,10.54,10.33,10.54,10.23,2429963.0,25245427.0,10.63,10.6,10.51,10.3
2020-03-11,002910.XSHE,10.67,10.64,11.01,10.6,3188176.0,34378365.0,10.79,10.63,10.49,10.33
2020-03-10,002910.XSHE,10.55,10.67,10.7,10.09,4101512.0,42756122.0,10.83,10.61,10.46,10.35
2020-03-09,002910.XSHE,10.73,10.62,11.07,10.62,2873100.0,30980785.0,10.83,10.59,10.42,10.38
2020-03-06,002910.XSHE,10.94,10.9,11.08,10.84,3763230.0,41166833.12,10.77,10.58,10.4,10.4
2020-03-05,002910.XSHE,10.93,11.11,11.31,10.82,7404414.0,81881905.08,10.57,10.55,10.35,10.42
2020-03-04,002910.XSHE,10.76,10.84,10.84,10.58,3662425.0,39307999.98,10.48,10.5,10.28,10.44
2020-03-03,002910.XSHE,10.45,10.69,10.86,10.44,5106849.0,54402011.98,10.4,10.45,10.21,10.47
2020-03-02,002910.XSHE,10.0,10.33,10.4,9.9,2770591.0,28345672.26,10.34,10.43,10.14,10.51
2020-02-28,002910.XSHE,10.28,9.89,10.39,9.81,4086120.0,41237960.0,10.39,10.42,10.11,10.56
2020-02-27,002910.XSHE,10.43,10.63,10.87,10.39,3920736.0,41648044.0,10.53,10.41,10.16,10.61
2020-02-26,002910.XSHE,10.27,10.45,10.73,10.27,3568471.0,37684958.72,10.53,10.34,10.18,10.64
2020-02-25,002910.XSHE,10.28,10.4,10.52,10.07,3309810.0,34183346.6,10.51,10.31,10.22,10.68
2020-02-24,002910.XSHE,10.59,10.57,10.66,10.41,2682265.0,28234671.0,10.52,10.26,10.27,10.73
2020-02-21,002910.XSHE,10.62,10.6,10.73,10.54,3426043.0,36333326.17,10.45,10.23,10.32,10.76
2020-02-20,002910.XSHE,10.46,10.64,10.71,10.3,3739634.0,39502754.28,10.3,10.15,10.36,10.79
2020-02-19,002910.XSHE,10.35,10.34,10.54,10.31,2377426.0,24749469.16,10.15,10.05,10.41,10.82
2020-02-18,002910.XSHE,10.27,10.44,10.48,10.15,3487035.0,36072427.6,10.1,9.96,10.48,10.85
2020-02-17,002910.XSHE,9.8,10.24,10.25,9.8,4004346.0,40530056.24,10.01,9.85,10.54,10.87
2020-02-14,002910.XSHE,9.94,9.82,10.03,9.74,2395168.0,23635009.08,10.0,9.8,10.62,10.9
2020-02-13,002910.XSHE,10.14,9.89,10.18,9.86,3118053.0,31149149.45,10.01,9.9,10.71,10.95
2020-02-12,002910.XSHE,9.97,10.11,10.21,9.97,1890029.0,19055183.6,9.96,10.03,10.79,10.99
2020-02-11,002910.XSHE,10.2,9.97,10.2,9.97,2396544.0,24094721.8,9.83,10.14,10.87,11.01
2020-02-10,002910.XSHE,9.88,10.22,10.22,9.76,3138983.0,31559684.0,9.69,10.28,10.96,11.05
2020-02-07,002910.XSHE,9.63,9.88,9.89,9.57,2864650.0,27837523.0,9.59,10.4,11.03,11.09
2020-02-06,002910.XSHE,9.49,9.63,9.72,9.37,3419400.0,32865922.64,9.78,10.56,11.11,11.13
2020-02-05,002910.XSHE,9.29,9.45,9.62,9.29,2499820.0,23703795.45,10.1,10.76,11.2,11.19
2020-02-04,002910.XSHE,8.86,9.25,9.37,8.86,3231688.0,29753750.9,10.44,10.99,11.29,11.24
2020-02-03,002910.XSHE,9.75,9.75,9.75,9.75,694936.0,6776748.0,10.88,11.24,11.39,11.3
2020-01-23,002910.XSHE,11.12,10.84,11.18,10.74,1894253.0,20716327.01,11.21,11.45,11.46,11.34
2020-01-22,002910.XSHE,11.13,11.2,11.24,10.99,1478214.0,16450692.89,11.34,11.52,11.47,11.34
2020-01-21,002910.XSHE,11.43,11.16,11.43,11.14,1723511.0,19369761.78,11.42,11.55,11.46,11.33
2020-01-20,002910.XSHE,11.51,11.43,11.51,11.28,1655192.0,18795303.2,11.53,11.61,11.45,11.33
2020-01-17,002910.XSHE,11.5,11.44,11.53,11.43,1042525.0,11970212.0,11.61,11.63,11.44,11.32
2020-01-16,002910.XSHE,11.64,11.47,11.68,11.44,1665039.0,19204661.85,11.68,11.65,11.43,11.3
2020-01-15,002910.XSHE,11.74,11.6,11.77,11.51,2199520.0,25485650.38,11.71,11.66,11.42,11.29
2020-01-14,002910.XSHE,11.8,11.72,11.89,11.72,2389777.0,28176357.87,11.68,11.64,11.4,11.27
2020-01-13,002910.XSHE,11.74,11.82,11.93,11.69,2672104.0,31467282.0,11.69,11.59,11.37,11.24
2020-01-10,002910.XSHE,11.66,11.8,12.11,11.57,4943765.0,58472762.81,11.66,11.53,11.33,11.21
2020-01-09,002910.XSHE,11.58,11.61,11.71,11.54,2111113.0,24522431.75,11.62,11.46,11.29,11.18
2020-01-08,002910.XSHE,11.73,11.47,11.73,11.41,2721096.0,31428863.2,11.61,11.41,11.25,11.16
2020-01-07,002910.XSHE,11.6,11.75,11.78,11.6,3316291.0,38869953.92,11.59,11.38,11.22,11.14
2020-01-06,002910.XSHE,11.55,11.65,11.74,11.44,3175939.0,36840666.86,11.49,11.3,11.18,11.11
2020-01-03,002910.XSHE,11.56,11.63,11.68,11.41,3691655.0,42599078.47,11.4,11.24,11.16,11.09
2020-01-02,002910.XSHE,11.44,11.56,11.81,11.35,4880174.0,56421522.68,11.3,11.21,11.13,11.08
2019-12-31,002910.XSHE,11.24,11.38,11.42,11.21,2040042.0,23137679.0,11.22,11.18,11.1,11.07
2019-12-30,002910.XSHE,11.16,11.24,11.26,10.98,1849704.0,20583708.94,11.16,11.16,11.09,11.07
2019-12-27,002910.XSHE,11.14,11.2,11.3,11.13,2350901.0,26382616.19,11.1,11.15,11.07,11.07
2019-12-26,002910.XSHE,11.11,11.14,11.16,11.03,901198.0,10023146.8,11.08,11.13,11.05,11.06
2019-12-25,002910.XSHE,11.04,11.12,11.17,11.04,974701.0,10824322.0,11.11,11.11,11.04,11.06
2019-12-24,002910.XSHE,10.95,11.08,11.12,10.91,1051333.0,11578301.32,11.13,11.08,11.03,11.06
2019-12-23,002910.XSHE,11.12,10.95,11.23,10.93,1635756.0,18163231.2,11.17,11.07,11.02,11.06
2019-12-20,002910.XSHE,11.32,11.12,11.38,11.1,1755724.0,19729344.18,11.2,11.07,11.02,11.07
2019-12-19,002910.XSHE,11.21,11.3,11.35,11.21,1391438.0,15701388.68,11.18,11.07,11.02,11.08
2019-12-18,002910.XSHE,11.31,11.22,11.37,11.21,1980670.0,22363964.1,11.1,11.05,11.01,11.1
2019-12-17,002910.XSHE,11.12,11.25,11.28,11.12,2144339.0,24056025.56,11.03,11.04,11.02,11.13
2019-12-16,002910.XSHE,11.02,11.12,11.12,10.99,1654624.0,18341422.4,10.97,11.01,11.02,11.15
2019-12-13,002910.XSHE,10.91,11.02,11.06,10.89,1557973.0,17115729.0,10.94,10.99,11.02,11.18
2019-12-12,002910.XSHE,10.86,10.9,10.91,10.83,963032.0,10461966.0,10.96,10.98,11.03,11.21
2019-12-11,002910.XSHE,10.92,10.86,10.97,10.83,1126002.0,12256883.0,11.0,10.97,11.04,11.23
2019-12-10,002910.XSHE,11.02,10.93,11.02,10.88,1077010.0,11762073.0,11.04,10.98,11.06,11.28
2019-12-09,002910.XSHE,11.1,11.01,11.1,10.97,1014639.0,11184022.0,11.05,10.98,11.06,11.32
2019-12-06,002910.XSHE,11.09,11.1,11.1,11.0,1084958.0,11995701.0,11.03,10.98,11.07,11.35
2019-12-05,002910.XSHE,11.08,11.08,11.14,11.01,1294078.0,14314585.4,10.99,10.96,11.09,11.38
2019-12-04,002910.XSHE,10.89,11.08,11.11,10.89,1356373.0,14966278.0,10.95,10.97,11.13,11.4
2019-12-03,002910.XSHE,10.86,10.99,11.0,10.83,880239.0,9597975.0,10.92,11.01,11.17,11.42
2019-12-02,002910.XSHE,10.88,10.92,11.03,10.84,799861.0,8725013.0,10.91,11.03,11.22,11.45
2019-11-29,002910.XSHE,10.86,10.89,10.97,10.82,785877.0,8557109.48,10.92,11.06,11.27,11.47
2019-11-28,002910.XSHE,10.82,10.86,11.03,10.82,866558.0,9467984.0,10.93,11.08,11.32,11.5
2019-11-27,002910.XSHE,11.02,10.92,11.08,10.91,792014.0,8704302.0,10.99,11.11,11.37,11.53
2019-11-26,002910.XSHE,10.93,10.96,11.0,10.89,661839.0,7251132.0,11.1,11.13,11.43,11.56
2019-11-25,002910.XSHE,10.93,10.96,11.03,10.75,1328584.0,14456828.64,11.16,11.15,11.49,11.6
2019-11-22,002910.XSHE,11.15,10.93,11.23,10.86,1767721.0,19505299.0,11.2,11.16,11.54,11.64
2019-11-21,002910.XSHE,11.34,11.18,11.34,11.1,1903328.0,21336932.0,11.24,11.22,11.59,11.67
2019-11-20,002910.XSHE,11.24,11.45,11.59,11.21,2695745.0,30661863.0,11.24,11.29,11.62,11.7
2019-11-19,002910.XSHE,11.16,11.27,11.35,11.08,1630175.0,18377979.4,11.17,11.34,11.63,11.71
2019-11-18,002910.XSHE,11.14,11.16,11.28,11.14,1114131.0,12455340.0,11.13,11.4,11.65,11.72
2019-11-15,002910.XSHE,11.18,11.13,11.29,10.99,1503851.0,16802077.04,11.11,11.49,11.67,11.73
2019-11-14,002910.XSHE,11.11,11.18,11.21,11.04,1454960.0,16214808.0,11.21,11.56,11.71,11.76
2019-11-13,002910.XSHE,11.0,11.12,11.22,10.97,1490145.0,16587936.44,11.34,11.62,11.74,11.78
2019-11-12,002910.XSHE,11.06,11.08,11.15,10.82,1646097.0,18106022.0,11.5,11.73,11.78,11.81
2019-11-11,002910.XSHE,11.61,11.06,11.67,11.04,3188075.0,35906727.0,11.67,11.83,11.83,11.86
2019-11-08,002910.XSHE,11.91,11.61,11.96,11.61,2320009.0,27346632.0,11.87,11.93,11.88,11.91
2019-11-07,002910.XSHE,11.9,11.84,11.91,11.58,2178164.0,25594410.0,11.91,11.96,11.89,11.95
2019-11-06,002910.XSHE,11.86,11.9,12.05,11.76,1929585.0,22948152.0,11.89,11.95,11.9,11.99
2019-11-05,002910.XSHE,12.03,11.95,12.05,11.83,2477848.0,29576370.0,11.97,11.93,11.89,12.01
2019-11-04,002910.XSHE,11.83,12.03,12.11,11.73,3399409.0,40756954.28,11.98,11.9,11.87,12.02
2019-11-01,002910.XSHE,11.65,11.83,11.91,11.58,2459941.0,28933755.0,12.0,11.85,11.85,12.04
2019-10-31,002910.XSHE,12.17,11.75,12.19,11.64,4788376.0,57010568.36,12.02,11.86,11.86,12.06
2019-10-30,002910.XSHE,12.03,12.28,12.41,11.88,5844764.0,71173760.84,12.01,11.87,11.85,12.08
2019-10-29,002910.XSHE,12.13,12.01,12.3,12.01,3282941.0,39859116.15,11.89,11.82,11.85,12.09
2019-10-28,002910.XSHE,11.83,12.12,12.14,11.76,3792650.0,45683354.12,11.82,11.84,11.88,12.11
2019-10-25,002910.XSHE,11.68,11.93,12.01,11.59,3338849.0,39557951.24,11.71,11.82,11.9,12.11
2019-10-24,002910.XSHE,11.71,11.73,11.73,11.47,1999300.0,23171935.0,11.71,11.82,11.95,12.12
2019-10-23,002910.XSHE,11.65,11.67,11.81,11.62,1818323.0,21313705.0,11.72,11.85,12.0,12.13
2019-10-22,002910.XSHE,11.55,11.65,11.69,11.45,1588857.0,18462947.0,11.75,11.86,12.06,12.14
2019-10-21,002910.XSHE,11.78,11.55,11.88,11.34,3397522.0,39189039.0,11.85,11.85,12.08,12.15
2019-10-18,002910.XSHE,11.72,11.94,12.38,11.72,4383763.0,52908853.16,11.94,11.86,12.13,12.16
2019-10-17,002910.XSHE,11.85,11.81,11.91,11.71,1463386.0,17276367.6,11.93,11.85,12.16,12.17
2019-10-16,002910.XSHE,12.13,11.82,12.17,11.79,2456923.0,29325992.0,11.97,11.84,12.18,12.19
2019-10-15,002910.XSHE,11.96,12.13,12.15,11.89,2464545.0,29685208.84,11.96,11.88,12.22,12.21
2019-10-14,002910.XSHE,11.88,12.02,12.11,11.88,2759524.0,33100790.0,11.85,11.92,12.24,12.2
2019-10-11,002910.XSHE,12.03,11.86,12.03,11.78,2548166.0,30232490.0,11.77,11.98,12.25,12.21
2019-10-10,002910.XSHE,11.73,12.03,12.11,11.69,2702284.0,32207880.0,11.77,12.08,12.26,12.24
2019-10-09,002910.XSHE,11.54,11.74,11.87,11.45,1704747.0,19906283.0,11.71,12.16,12.27,12.26
2019-10-08,002910.XSHE,11.63,11.59,11.75,11.53,1361001.0,15822221.0,11.8,12.26,12.28,12.31
2019-09-30,002910.XSHE,11.85,11.63,11.96,11.59,2164382.0,25344392.0,11.98,12.31,12.3,12.33
2019-09-27,002910.XSHE,11.73,11.85,12.01,11.73,1831099.0,21781115.0,12.18,12.41,12.3,12.35
2019-09-26,002910.XSHE,12.23,11.73,12.33,11.69,4010043.0,47753808.52,12.39,12.46,12.32,12.37
2019-09-25,002910.XSHE,12.42,12.21,12.43,12.08,3546182.0,43329704.0,12.6,12.53,12.37,12.4
2019-09-24,002910.XSHE,12.61,12.5,12.69,12.43,4167677.0,52348222.16,12.72,12.57,12.37,12.4
2019-09-23,002910.XSHE,12.84,12.62,12.84,12.45,4897449.0,61475413.0,12.64,12.56,12.34,12.4
2019-09-20,002910.XSHE,12.77,12.9,13.02,12.6,8046994.0,103162991.74,12.63,12.53,12.33,12.37
2019-09-19,002910.XSHE,12.71,12.78,12.83,12.58,6429884.0,81681253.76,12.54,12.45,12.33,12.32
2019-09-18,002910.XSHE,12.15,12.79,12.87,12.12,9495346.0,119137856.54,12.46,12.38,12.32,12.27
2019-09-17,002910.XSHE,12.54,12.13,12.55,12.05,4211861.0,51548405.6,12.42,12.3,12.33,12.21
2019-09-16,002910.XSHE,12.43,12.57,12.59,12.38,4096080.0,51197027.0,12.49,12.28,12.34,12.18
2019-09-12,002910.XSHE,12.36,12.42,12.55,12.33,2982477.0,37058666.0,12.43,12.2,12.31,12.15
2019-09-11,002910.XSHE,12.6,12.37,12.61,12.35,3888947.0,48447553.0,12.36,12.18,12.32,12.13
2019-09-10,002910.XSHE,12.47,12.6,12.71,12.39,5875169.0,73894232.0,12.3,12.21,12.33,12.11
2019-09-09,002910.XSHE,12.31,12.47,12.47,12.25,4549251.0,56313042.16,12.18,12.17,12.32,12.07
2019-09-06,002910.XSHE,12.18,12.27,12.33,12.06,4169002.0,50801072.04,12.08,12.12,12.31,12.05
2019-09-05,002910.XSHE,12.09,12.1,12.24,12.03,4279873.0,51976122.24,11.98,12.12,12.29,12.03
2019-09-04,002910.XSHE,11.98,12.04,12.06,11.88,2656411.0,31755264.0,12.01,12.2,12.25,12.02
2019-09-03,002910.XSHE,11.99,12.02,12.1,11.96,2576990.0,30958288.58,12.12,12.26,12.22,12.01
2019-09-02,002910.XSHE,11.72,11.99,12.08,11.57,2838909.0,33858457.44,12.16,12.36,12.16,11.99
2019-08-30,002910.XSHE,12.31,11.74,12.35,11.73,4798673.0,57669304.56,12.16,12.39,12.13,11.97
2019-08-29,002910.XSHE,12.52,12.25,12.52,12.24,4196429.0,51830607.68,12.27,12.43,12.13,11.98
2019-08-28,002910.XSHE,12.18,12.62,12.66,12.14,6094512.0,75818562.86,12.4,12.45,12.1,11.98
2019-08-27,002910.XSHE,12.04,12.22,12.26,12.04,3834575.0,46661427.32,12.4,12.45,12.05,11.97
2019-08-26,002910.XSHE,11.9,11.99,12.19,11.89,3957265.0,47663249.56,12.55,12.46,12.02,11.97
2019-08-23,002910.XSHE,12.82,12.27,12.82,12.25,7564097.0,94534517.56,12.61,12.5,12.01,11.98
2019-08-22,002910.XSHE,12.64,12.91,13.12,12.53,7468039.0,95461572.08,12.58,12.46,11.99,11.97
2019-08-21,002910.XSHE,12.86,12.63,12.95,12.62,10419216.0,133058698.3,12.49,12.3,11.93,11.95
2019-08-20,002910.XSHE,12.2,12.97,13.25,12.11,13792841.0,173275655.36,12.5,12.17,11.88,11.93
2019-08-19,002910.XSHE,12.12,12.27,12.27,11.86,8117905.0,97932758.08,12.36,11.96,11.81,11.91
2019-08-16,002910.XSHE,12.33,12.13,12.45,12.09,7329392.0,89689837.0,12.39,11.88,11.77,11.92
2019-08-15,002910.XSHE,12.33,12.45,12.67,12.14,8185984.0,101513277.16,12.35,11.83,11.76,11.95
2019-08-14,002910.XSHE,12.34,12.67,12.81,12.11,12380538.0,154649921.8,12.11,11.76,11.75,11.98
2019-08-13,002910.XSHE,12.26,12.3,12.6,12.07,10189208.0,125739828.88,11.85,11.66,11.73,12.01
2019-08-12,002910.XSHE,11.59,12.39,12.45,11.57,13361049.0,162956161.9,11.56,11.59,11.73,12.03
2019-08-09,002910.XSHE,11.37,11.92,12.4,11.29,10631371.0,127404872.24,11.37,11.53,11.72,12.05
2019-08-08,002910.XSHE,11.57,11.28,11.57,11.22,3161017.0,35898059.68,11.31,11.51,11.73,12.08
2019-08-07,002910.XSHE,10.95,11.34,11.61,10.93,5918822.0,66977964.96,11.4,11.55,11.77,12.14
2019-08-06,002910.XSHE,11.4,10.88,11.4,10.54,4559927.0,49975506.46,11.46,11.58,11.81,12.19
2019-08-05,002910.XSHE,11.48,11.43,11.65,11.37,2214668.0,25498095.7,11.62,11.65,11.89,12.27
2019-08-02,002910.XSHE,11.47,11.6,11.76,11.38,2519636.0,29144845.5,11.69,11.66,11.94,12.33
2019-08-01,002910.XSHE,11.54,11.77,11.98,11.54,3875243.0,45685926.0,11.71,11.7,12.02,12.38
2019-07-31,002910.XSHE,11.64,11.64,11.69,11.48,2272008.0,26336892.0,11.7,11.74,12.09,12.41
2019-07-30,002910.XSHE,11.76,11.66,11.83,11.62,2672236.0,31320693.36,11.71,11.8,12.18,12.45
2019-07-29,002910.XSHE,11.66,11.76,11.82,11.44,3205863.0,37320126.24,11.68,11.87,12.25,12.48
2019-07-26,002910.XSHE,11.76,11.72,11.91,11.67,2127832.0,25046101.0,11.62,11.91,12.31,12.52
2019-07-25,002910.XSHE,11.71,11.74,11.8,11.61,2260324.0,26452758.4,11.69,11.95,12.36,12.54
2019-07-24,002910.XSHE,11.58,11.65,11.79,11.52,2457261.0,28681543.0,11.78,11.99,12.43,12.58
2019-07-23,002910.XSHE,11.47,11.54,11.61,11.33,1914023.0,21963822.88,11.89,12.04,12.5,12.63
2019-07-22,002910.XSHE,12.05,11.47,12.13,11.3,3300741.0,38246294.68,12.05,12.13,12.57,12.67
2019-07-19,002910.XSHE,12.16,12.03,12.33,11.97,3136152.0,37975633.0,12.19,12.22,12.67,12.69
2019-07-18,002910.XSHE,12.16,12.2,12.5,12.11,4023162.0,49608094.02,12.22,12.33,12.72,12.69
2019-07-17,002910.XSHE,12.45,12.22,12.45,12.18,3067858.0,37618920.68,12.21,12.43,12.74,12.69
2019-07-16,002910.XSHE,12.19,12.34,12.38,12.13,3430271.0,42256133.0,12.18,12.56,12.77,12.69
2019-07-15,002910.XSHE,12.15,12.17,12.28,11.18,4093480.0,49052691.0,12.2,12.64,12.79,12.71
2019-07-12,002910.XSHE,12.1,12.15,12.2,12.05,2380468.0,28864859.76,12.26,12.72,12.82,12.72
2019-07-11,002910.XSHE,12.12,12.15,12.36,12.01,3289432.0,40057798.73,12.45,12.77,12.83,12.75
2019-07-10,002910.XSHE,12.33,12.11,12.41,12.05,3611413.0,44093574.21,12.66,12.87,12.87,12.77
2019-07-09,002910.XSHE,12.43,12.43,12.46,12.05,3942319.0,48335330.68,12.94,12.96,12.92,12.79
2019-07-08,002910.XSHE,13.1,12.45,13.1,12.33,6601264.0,83319734.52,13.08,13.02,12.94,12.79
2019-07-05,002910.XSHE,13.26,13.11,13.33,12.89,5565113.0,72783886.98,13.18,13.11,12.92,12.77
2019-07-04,002910.XSHE,13.29,13.21,13.63,13.1,8734888.0,115831299.28,13.1,13.1,12.86,12.77
2019-07-03,002910.XSHE,13.08,13.5,14.19,13.03,17928796.0,243095811.47,13.08,13.05,12.82,12.81
2019-07-02,002910.XSHE,12.94,13.13,13.19,12.87,6273924.0,82065960.0,12.98,12.98,12.76,12.84
2019-07-01,002910.XSHE,12.87,12.95,13.02,12.76,5419851.0,69874829.4,12.96,12.93,12.74,12.9
2019-06-28,002910.XSHE,13.07,12.69,13.1,12.67,5518948.0,70786615.94,13.04,12.92,12.72,13.02
2019-06-27,002910.XSHE,12.91,13.11,13.27,12.91,6780261.0,88549223.09,13.1,12.89,12.74,13.12
2019-06-26,002910.XSHE,12.95,13.01,13.32,12.79,5873457.0,76640639.04,13.03,12.87,12.72,13.21
2019-06-25,002910.XSHE,13.23,13.02,13.32,12.86,7084076.0,92377275.6,12.97,12.88,12.7,13.29
2019-06-24,002910.XSHE,13.01,13.38,13.38,12.79,11455987.0,150462716.64,12.91,12.86,12.67,13.4
2019-06-21,002910.XSHE,12.75,12.99,13.22,12.75,7339610.0,94965111.0,12.81,12.74,12.61,13.51
2019-06-20,002910.XSHE,12.62,12.75,12.85,12.44,5282702.0,66973618.0,12.67,12.63,12.6,13.62
2019-06-19,002910.XSHE,12.85,12.72,13.07,12.71,4627284.0,59421265.0,12.7,12.59,12.68,13.75
2019-06-18,002910.XSHE,12.92,12.7,12.95,12.6,4455101.0,56953050.94,12.79,12.54,12.77,13.88
2019-06-17,002910.XSHE,12.26,12.88,12.98,12.17,7999347.0,102175600.72,12.8,12.55,12.88,13.96
2019-06-14,002910.XSHE,12.89,12.32,12.97,12.27,5656952.0,71360706.0,12.67,12.52,13.06,14.03
2019-06-13,002910.XSHE,12.96,12.89,13.02,12.75,7636464.0,98456331.18,12.58,12.59,13.23,14.08
2019-06-12,002910.XSHE,12.79,13.14,13.28,12.6,12239967.0,158763746.75,12.47,12.57,13.38,14.14
2019-06-11,002910.XSHE,12.26,12.79,12.85,12.15,9582253.0,121251074.4,12.28,12.52,13.49,14.21
2019-06-10,002910.XSHE,11.96,12.2,12.49,11.96,4550729.0,55544052.92,12.29,12.49,13.66,14.26
2019-06-06,002910.XSHE,12.36,11.9,12.37,11.86,5193667.0,62558304.0,12.38,12.48,13.9,14.32
2019-06-05,002910.XSHE,12.31,12.33,12.6,12.26,5327321.0,66188719.0,12.59,12.58,14.12,14.4
2019-06-04,002910.XSHE,12.62,12.2,12.75,12.17,6007831.0,74350662.0,12.67,12.78,14.32,14.46
2019-06-03,002910.XSHE,12.55,12.82,13.15,12.12,9324279.0,118054809.64,12.77,13.01,14.55,14.52
2019-05-31,002910.XSHE,12.85,12.65,12.93,12.57,6342379.0,80668322.4,12.68,13.21,14.67,14.56
2019-05-30,002910.XSHE,12.65,12.95,13.18,12.59,8835477.0,114069595.48,12.57,13.6,14.78,14.6
2019-05-29,002910.XSHE,12.55,12.75,12.81,12.45,6442813.0,81470391.06,12.57,13.88,14.83,14.63
2019-05-28,002910.XSHE,12.31,12.66,12.83,12.24,7807383.0,98665902.94,12.89,14.18,14.92,14.67
2019-05-27,002910.XSHE,12.22,12.39,12.52,12.04,6263597.0,77013516.84,13.25,14.46,15.05,14.72
2019-05-24,002910.XSHE,12.47,12.1,13.04,11.98,8768242.0,108930881.24,13.74,14.84,15.14,14.78
2019-05-23,002910.XSHE,14.28,12.93,14.28,12.93,13469662.0,179286554.0,14.63,15.32,15.24,14.87
2019-05-22,002910.XSHE,14.43,14.36,14.63,14.03,7848360.0,113040556.76,15.19,15.66,15.31,14.93
2019-05-21,002910.XSHE,14.33,14.46,14.71,13.64,11072903.0,158298528.0,15.48,15.87,15.29,14.95
2019-05-20,002910.XSHE,16.05,14.87,16.28,14.87,14806079.0,223934736.52,15.68,16.1,15.27,14.96
2019-05-17,002910.XSHE,15.6,16.52,16.99,15.23,28716058.0,467058626.7,15.94,16.13,15.23,14.97
2019-05-16,002910.XSHE,15.73,15.72,16.05,15.37,12893942.0,202845743.24,16.02,15.95,15.1,14.94
2019-05-15,002910.XSHE,15.49,15.81,16.07,15.1,15950169.0,250372521.12,16.13,15.79,15.01,14.92
2019-05-14,002910.XSHE,16.09,15.48,16.51,14.94,17232887.0,270705804.36,16.26,15.66,14.92,14.88
2019-05-13,002910.XSHE,16.51,16.19,17.08,15.69,15770072.0,259688774.36,16.52,15.63,14.84,14.83
2019-05-10,002910.XSHE,15.64,16.9,17.3,15.64,24902322.0,411806282.35,16.33,15.44,14.75,14.73
2019-05-09,002910.XSHE,15.95,16.28,16.28,14.81,19217552.0,297106486.36,15.89,15.15,14.65,14.62
2019-05-08,002910.XSHE,15.91,16.45,17.3,15.7,22814237.0,377432433.08,15.45,14.96,14.57,14.54
2019-05-07,002910.XSHE,14.89,16.76,16.76,14.72,25663264.0,406751579.88,15.06,14.72,14.49,14.46
2019-05-06,002910.XSHE,14.43,15.24,15.59,14.33,17691941.0,267211668.82,14.75,14.44,14.39,14.36
2019-04-30,002910.XSHE,13.84,14.71,15.01,13.64,8538921.0,124408709.62,14.56,14.32,14.39,14.31
2019-04-29,002910.XSHE,14.28,14.08,14.43,13.08,10949650.0,151119808.94,14.42,14.25,14.43,14.26
2019-04-26,002910.XSHE,14.75,14.53,15.08,14.17,18319815.0,268473627.44,14.48,14.23,14.48,14.23
2019-04-25,002910.XSHE,14.27,15.19,15.7,14.13,26890141.0,405987959.38,14.37,14.18,14.49,14.17
2019-04-24,002910.XSHE,13.98,14.27,14.47,13.89,6699150.0,95501525.3,14.14,14.05,14.43,14.12
2019-04-23,002910.XSHE,14.38,14.03,14.42,13.85,5353627.0,75348839.0,14.08,14.06,14.37,14.12
2019-04-22,002910.XSHE,14.03,14.39,14.47,13.94,6444835.0,92098625.92,14.08,14.14,14.35,14.12
2019-04-19,002910.XSHE,14.03,13.97,14.1,13.73,2746122.0,38226444.79,13.98,14.18,14.33,14.08
2019-04-18,002910.XSHE,14.03,14.02,14.18,13.86,3487334.0,48999556.72,13.99,14.26,14.32,14.08
2019-04-17,002910.XSHE,13.87,14.0,14.15,13.86,3312934.0,46474047.71,13.96,14.34,14.32,14.07
2019-04-16,002910.XSHE,13.84,14.02,14.04,13.36,3877848.0,53195136.0,14.05,14.45,14.3,14.04
2019-04-15,002910.XSHE,14.19,13.91,14.41,13.91,3524518.0,50001996.52,14.21,14.61,14.27,13.99
2019-04-12,002910.XSHE,13.91,13.99,14.23,13.81,3190830.0,44675073.36,14.37,14.73,14.22,13.95
2019-04-11,002910.XSHE,14.42,13.9,14.48,13.83,4737237.0,66970142.0,14.54,14.8,14.17,13.91
2019-04-10,002910.XSHE,14.82,14.41,14.82,14.36,4873243.0,70541618.0,14.72,14.81,14.15,13.87
2019-04-09,002910.XSHE,14.82,14.82,14.91,14.67,4666695.0,69041575.64,14.86,14.68,14.14,13.81
2019-04-08,002910.XSHE,14.78,14.75,15.04,14.45,6241088.0,91901150.82,15.02,14.55,14.1,13.73
2019-04-04,002910.XSHE,14.76,14.81,14.97,14.67,6510241.0,96356250.58,15.08,14.47,14.04,13.64
2019-04-03,002910.XSHE,15.02,14.81,15.02,14.59,9055825.0,134160007.73,15.06,14.39,14.0,13.56
2019-04-02,002910.XSHE,15.5,15.13,15.51,14.92,10807865.0,164885449.3,14.89,14.3,13.93,13.48
2019-04-01,002910.XSHE,14.83,15.59,15.79,14.78,16589061.0,251666091.4,14.5,14.16,13.83,13.37
2019-03-29,002910.XSHE,14.73,15.08,15.37,14.31,19074826.0,285113352.97,14.08,13.93,13.69,13.26
2019-03-28,002910.XSHE,13.99,14.69,14.71,13.77,17231955.0,248309229.78,13.86,13.72,13.56,13.14
2019-03-27,002910.XSHE,13.22,13.98,14.06,13.07,8176624.0,111208776.03,13.71,13.54,13.46,13.04
2019-03-26,002910.XSHE,13.69,13.17,13.98,13.06,6303217.0,85610811.68,13.71,13.5,13.4,12.95
2019-03-25,002910.XSHE,13.65,13.49,13.92,13.46,3838613.0,52566350.36,13.81,13.6,13.37,12.89
2019-03-22,002910.XSHE,14.02,13.97,14.07,13.54,5512950.0,76358477.81,13.78,13.66,13.32,12.81
2019-03-21,002910.XSHE,13.91,13.95,14.12,13.78,9132911.0,127901636.27,13.58,13.6,13.23,12.7
2019-03-20,002910.XSHE,13.56,13.97,13.97,13.26,9185494.0,125637992.87,13.37,13.61,13.14,12.57
2019-03-19,002910.XSHE,13.35,13.66,13.82,13.29,6963010.0,94437364.46,13.29,13.56,13.07,12.46
2019-03-18,002910.XSHE,12.98,13.35,13.42,12.91,4241306.0,55923154.69,13.4,13.5,12.98,12.37
2019-03-15,002910.XSHE,12.95,12.97,13.11,12.75,3633837.0,47153735.0,13.53,13.44,12.92,12.32
2019-03-14,002910.XSHE,13.57,12.92,13.71,12.31,5771152.0,75046971.36,13.63,13.41,12.86,12.28
2019-03-13,002910.XSHE,14.03,13.57,14.06,13.36,7098484.0,97756116.04,13.84,13.38,12.78,12.26
2019-03-12,002910.XSHE,14.02,14.19,14.33,13.8,10852591.0,152242533.28,13.83,13.29,12.68,12.22
2019-03-11,002910.XSHE,13.24,14.0,14.01,13.22,8629248.0,118608588.36,13.6,13.14,12.53,12.16
2019-03-08,002910.XSHE,14.0,13.45,14.72,13.44,17129400.0,242253429.05,13.35,12.99,12.38,12.1
2019-03-07,002910.XSHE,13.54,13.98,14.18,13.3,9954018.0,136811849.57,13.19,12.86,12.24,12.05
2019-03-06,002910.XSHE,13.02,13.53,13.64,13.02,11271077.0,150891238.0,12.92,12.68,12.05,11.99
2019-03-05,002910.XSHE,12.83,13.02,13.03,12.64,7186762.0,92317412.06,12.75,12.57,11.91,11.94
2019-03-04,002910.XSHE,12.67,12.77,12.95,12.67,7345353.0,93994708.0,12.68,12.47,11.81,11.92
2019-03-01,002910.XSHE,12.7,12.65,12.74,12.48,4465403.0,56347690.0,12.63,12.4,11.75,11.9
2019-02-28,002910.XSHE,12.61,12.65,12.78,12.5,4774289.0,60309621.96,12.52,12.3,11.71,11.88
2019-02-27,002910.XSHE,12.63,12.66,12.83,12.43,6980638.0,88332849.0,12.43,12.18,11.7,11.86
2019-02-26,002910.XSHE,12.49,12.67,13.03,12.33,11297595.0,142764069.36,12.4,12.06,11.69,11.84
2019-02-25,002910.XSHE,12.1,12.54,12.55,11.97,9876906.0,121745794.28,12.26,11.92,11.67,11.82
2019-02-22,002910.XSHE,12.02,12.08,12.11,11.86,6520158.0,78151288.96,12.16,11.77,11.65,11.8
2019-02-21,002910.XSHE,12.18,12.18,12.37,11.86,11919370.0,144299878.84,12.09,11.63,11.65,11.79
2019-02-20,002910.XSHE,13.12,12.52,13.18,12.45,16115968.0,208009547.84,11.94,11.43,11.64,11.77
2019-02-19,002910.XSHE,11.97,11.98,12.1,11.81,4144513.0,49652646.0,11.73,11.25,11.63,11.74
2019-02-18,002910.XSHE,11.69,12.04,12.06,11.69,4365360.0,52013534.8,11.59,11.15,11.64,11.73
2019-02-15,002910.XSHE,11.51,11.73,12.04,11.45,5101617.0,60134825.88,11.39,11.11,11.64,11.73
2019-02-14,002910.XSHE,11.41,11.45,11.61,11.35,2725924.0,31310996.56,11.18,11.12,11.67,11.75
2019-02-13,002910.XSHE,11.27,11.43,11.48,11.2,2668873.0,30364931.24,10.91,11.21,11.7,11.76
2019-02-12,002910.XSHE,11.05,11.3,11.46,11.05,2706154.0,30533939.0,10.77,11.31,11.73,11.79
2019-02-11,002910.XSHE,10.74,11.03,11.05,10.72,2201149.0,24096391.48,10.72,11.41,11.76,11.82
2019-02-01,002910.XSHE,10.28,10.67,10.7,10.15,2738798.0,28703066.28,10.83,11.52,11.81,11.86
2019-01-31,002910.XSHE,10.78,10.11,10.94,9.94,3529185.0,36744873.16,11.06,11.66,11.86,11.91
2019-01-30,002910.XSHE,11.07,10.74,11.14,10.69,1531465.0,16732745.16,11.51,11.86,11.94,11.99
2019-01-29,002910.XSHE,11.61,11.03,11.69,10.67,2606743.0,28997792.4,11.85,12.01,11.99,12.05
2019-01-28,002910.XSHE,11.87,11.61,11.95,11.49,2432069.0,28457249.0,12.11,12.13,12.02,12.1
2019-01-25,002910.XSHE,12.22,11.83,12.35,11.83,3996225.0,48311250.68,12.21,12.18,12.03,12.14
2019-01-24,002910.XSHE,12.36,12.33,12.65,12.25,5034121.0,62504947.28,12.26,12.21,12.06,12.17
2019-01-23,002910.XSHE,12.32,12.45,12.53,12.09,5851088.0,72144544.35,12.21,12.19,12.04,12.18
2019-01-22,002910.XSHE,12.13,12.32,12.44,12.01,4845726.0,59386617.2,12.17,12.15,12.03,12.19
2019-01-21,002910.XSHE,12.05,12.13,12.3,11.95,2253469.0,27333487.72,12.15,12.11,12.02,12.22
2019-01-18,002910.XSHE,12.07,12.05,12.18,11.98,2599086.0,31378611.16,12.15,12.1,12.03,12.25
2019-01-17,002910.XSHE,12.3,12.09,12.35,11.99,3620785.0,44023943.0,12.17,12.07,12.04,12.31
2019-01-16,002910.XSHE,12.16,12.27,12.4,12.07,3434318.0,42121848.0,12.17,12.02,12.06,12.36
2019-01-15,002910.XSHE,12.11,12.2,12.27,11.93,3243399.0,39375844.0,12.13,11.96,12.07,12.4
2019-01-14,002910.XSHE,12.16,12.13,12.31,12.06,2642919.0,32194304.0,12.07,11.91,12.08,12.44
2019-01-11,002910.XSHE,11.96,12.15,12.23,11.92,3188816.0,38494777.36,12.05,11.89,12.12,12.47
2019-01-10,002910.XSHE,11.99,12.12,12.34,11.83,4531750.0,54594262.76,11.97,11.9,12.15,12.49
2019-01-09,002910.XSHE,11.93,12.04,12.73,11.91,4350847.0,53130906.12,11.86,11.88,12.18,12.51
2019-01-08,002910.XSHE,11.99,11.93,12.16,11.92,2287592.0,27502804.04,11.79,11.92,12.21,12.53
2019-01-07,002910.XSHE,11.86,11.99,12.14,11.8,2539145.0,30346762.36,11.75,11.94,12.27,12.57
2019-01-04,002910.XSHE,11.42,11.76,11.82,11.24,2297379.0,26762499.4,11.73,11.96,12.33,12.63
2019-01-03,002910.XSHE,11.7,11.58,11.91,11.58,1470795.0,17238141.0,11.84,12.01,12.43,12.7
2019-01-02,002910.XSHE,11.92,11.7,11.99,11.66,1372756.0,16237680.98,11.91,12.1,12.52,12.76
2018-12-28,002910.XSHE,11.88,11.7,12.03,11.64,2223369.0,26348480.1,12.04,12.18,12.62,12.82
2018-12-27,002910.XSHE,12.4,11.89,12.45,11.87,3220837.0,39431130.48,12.13,12.25,12.7,12.88
2018-12-26,002910.XSHE,11.81,12.34,12.83,11.81,4506407.0,55251462.3,12.19,12.35,12.77,12.94
2018-12-25,002910.XSHE,12.16,11.91,12.23,11.48,3120264.0,37052975.2,12.17,12.39,12.79,12.97
2018-12-24,002910.XSHE,12.11,12.36,12.36,12.07,2058223.0,25280712.0,12.29,12.47,12.82,13.01
2018-12-21,002910.XSHE,12.29,12.15,12.29,12.06,1555377.0,18896011.5,12.31,12.51,12.84,13.03
2018-12-20,002910.XSHE,12.23,12.2,12.32,12.1,1716706.0,20927611.76,12.37,12.6,12.88,13.05
2018-12-19,002910.XSHE,12.6,12.25,12.6,12.21,1726872.0,21338564.0,12.51,12.71,12.96,13.07
2018-12-18,002910.XSHE,12.46,12.51,12.63,12.31,1596155.0,19920923.66,12.6,12.85,13.04,13.1
2018-12-17,002910.XSHE,12.31,12.46,12.55,12.26,1428206.0,17786853.06,12.64,12.95,13.1,13.11
2018-12-14,002910.XSHE,12.95,12.42,12.95,12.34,3113916.0,39246607.2,12.7,13.06,13.14,13.13
2018-12-13,002910.XSHE,12.81,12.9,13.0,12.55,2939157.0,37617717.8,12.83,13.16,13.2,13.15
2018-12-12,002910.XSHE,12.71,12.73,12.82,12.63,2037280.0,25939619.48,12.91,13.19,13.23,13.14
2018-12-11,002910.XSHE,12.74,12.71,12.83,12.61,2637017.0,33526198.48,13.1,13.19,13.26,13.14
2018-12-10,002910.XSHE,12.9,12.74,13.04,12.43,3329702.0,42418084.0,13.25,13.17,13.29,13.12
2018-12-07,002910.XSHE,13.22,13.09,13.42,13.08,3104337.0,41023343.16,13.42,13.17,13.3,13.11
2018-12-06,002910.XSHE,13.64,13.26,13.77,13.25,4894166.0,65873796.0,13.49,13.16,13.27,13.11
2018-12-05,002910.XSHE,13.01,13.71,13.83,12.89,7637497.0,103325480.4,13.47,13.21,13.26,13.09
2018-12-04,002910.XSHE,13.49,13.46,13.69,13.38,4710532.0,63652394.4,13.27,13.24,13.22,13.08
2018-12-03,002910.XSHE,13.38,13.6,13.84,13.26,7711617.0,104956406.13,13.09,13.24,13.19,13.1
2018-11-30,002910.XSHE,12.87,13.4,13.59,12.85,7487125.0,99382146.0,12.91,13.23,13.16,13.08
2018-11-29,002910.XSHE,12.77,13.18,13.82,12.71,8648601.0,114437109.98,12.84,13.24,13.14,13.06
2018-11-28,002910.XSHE,12.47,12.73,12.76,12.33,3092865.0,39029309.2,12.95,13.28,13.12,13.04
2018-11-27,002910.XSHE,12.74,12.52,12.95,12.45,3306330.0,41944147.72,13.2,13.32,13.11,13.04
2018-11-26,002910.XSHE,13.04,12.72,13.28,12.53,3162709.0,41073174.92,13.4,13.4,13.1,13.04
2018-11-23,002910.XSHE,13.84,13.05,13.84,13.03,4884271.0,65417701.0,13.55,13.43,13.09,13.04
2018-11-22,002910.XSHE,13.83,13.73,14.03,13.67,5789744.0,79910983.72,13.63,13.38,13.09,13.04
2018-11-21,002910.XSHE,13.3,13.96,14.2,12.96,8160419.0,110883804.86,13.61,13.3,13.04,13.03
2018-11-20,002910.XSHE,13.46,13.54,13.92,13.34,7889884.0,107685162.34,13.45,13.21,13.0,13.07
2018-11-19,002910.XSHE,13.52,13.45,13.53,13.22,3864660.0,51703066.0,13.41,13.13,13.02,13.1
2018-11-16,002910.XSHE,13.74,13.49,13.76,13.43,5221114.0,70756959.4,13.31,13.1,13.01,13.13
2018-11-15,002910.XSHE,13.43,13.59,13.74,13.23,7049142.0,94953668.12,13.12,13.05,12.97,13.2
2018-11-14,002910.XSHE,13.54,13.18,13.56,13.07,5674701.0,75306047.78,12.99,12.96,12.92,13.26
2018-11-13,002910.XSHE,12.9,13.34,13.4,12.82,7932075.0,104616865.14,12.97,12.9,12.89,13.36
2018-11-12,002910.XSHE,12.55,12.93,12.96,12.45,3698642.0,47371260.6,12.85,12.8,12.85,13.45
2018-11-09,002910.XSHE,12.92,12.58,12.93,12.57,3017246.0,38248181.32,12.88,12.75,12.85,13.56
2018-11-08,002910.XSHE,13.07,12.94,13.19,12.83,4951938.0,64668226.82,12.97,12.79,12.87,13.67
2018-11-07,002910.XSHE,12.83,13.05,13.05,12.75,5130509.0,66294423.12,12.92,12.77,12.9,13.78
2018-11-06,002910.XSHE,13.03,12.73,13.04,12.45,3855591.0,48992958.32,12.82,12.8,13.0,13.88
2018-11-05,002910.XSHE,12.93,13.12,13.18,12.85,5468283.0,71157662.6,12.75,12.92,13.09,13.98
2018-11-02,002910.XSHE,12.8,12.99,13.1,12.73,5898387.0,75970185.36,12.61,12.92,13.15,14.08
2018-11-01,002910.XSHE,12.64,12.73,13.01,12.51,5148268.0,65506769.96,12.62,12.89,13.28,14.21
2018-10-31,002910.XSHE,12.31,12.55,12.71,12.31,3520115.0,44121505.0,12.62,12.88,13.41,14.35
2018-10-30,002910.XSHE,12.33,12.38,12.5,12.03,3052176.0,37521500.0,12.77,12.89,13.59,14.49
2018-10-29,002910.XSHE,12.72,12.39,13.0,12.35,2823498.0,35473198.0,13.08,12.9,13.78,14.64
2018-10-26,002910.XSHE,12.67,13.04,13.34,12.62,4390753.0,56845485.96,13.24,12.96,13.97,14.81
2018-10-25,002910.XSHE,12.85,12.72,12.9,12.19,3271303.0,41366037.2,13.17,12.95,14.11,14.98
2018-10-24,002910.XSHE,13.51,13.34,13.69,13.2,4610724.0,61952451.2,13.14,13.03,14.29,15.16
2018-10-23,002910.XSHE,13.09,13.89,14.53,12.9,7347761.0,100273628.64,13.01,13.19,14.42,15.32
2018-10-22,002910.XSHE,12.74,13.2,13.36,12.74,3664267.0,48033846.2,12.73,13.26,14.51,15.45
2018-10-19,002910.XSHE,12.05,12.69,12.8,12.02,2602906.0,32568280.76,12.68,13.37,14.66,15.59
2018-10-18,002910.XSHE,12.65,12.58,13.24,12.18,4481947.0,57436544.6,12.73,13.66,14.87,15.78
2018-10-17,002910.XSHE,12.54,12.69,13.07,12.27,2406139.0,30542973.0,12.92,13.94,15.08,15.97
2018-10-16,002910.XSHE,13.0,12.49,13.24,12.21,2256480.0,28584931.28,13.38,14.28,15.29,16.16
2018-10-15,002910.XSHE,13.06,12.97,13.29,12.95,1929227.0,25303250.63,13.79,14.65,15.5,16.34
2018-10-12,002910.XSHE,13.44,12.94,13.48,12.15,3535166.0,45076503.6,14.06,14.98,15.74,16.5
2018-10-11,002910.XSHE,14.45,13.49,14.58,13.49,3544542.0,49525869.02,14.6,15.28,15.99,16.67
2018-10-10,002910.XSHE,14.58,14.99,15.0,14.42,2602014.0,38700694.84,14.97,15.54,16.23,16.84
2018-10-09,002910.XSHE,14.47,14.56,14.79,14.43,2053747.0,29980439.2,15.19,15.64,16.39,16.93
2018-10-08,002910.XSHE,15.5,14.31,15.5,14.16,3338144.0,49405081.04,15.52,15.76,16.55,17.03
2018-09-28,002910.XSHE,15.4,15.63,15.67,15.4,1818210.0,28317118.56,15.9,15.94,16.7,17.13
2018-09-27,002910.XSHE,16.14,15.35,16.27,15.32,3256499.0,51440086.76,15.96,16.07,16.84,17.23
2018-09-26,002910.XSHE,16.07,16.12,16.31,15.99,2733848.0,44241617.08,16.12,16.23,16.98,17.36
2018-09-25,002910.XSHE,16.01,16.18,16.37,15.91,1996708.0,32107301.0,16.09,16.29,17.09,17.49
2018-09-21,002910.XSHE,15.93,16.22,16.63,15.93,3180467.0,51770010.52,16.0,16.36,17.18,17.62
2018-09-20,002910.XSHE,16.16,15.92,16.16,15.73,2650204.0,42298713.0,15.99,16.49,17.25,17.76
2018-09-19,002910.XSHE,15.86,16.16,16.27,15.86,2883714.0,46446601.48,16.19,16.7,17.37,17.89
2018-09-18,002910.XSHE,15.77,15.96,16.0,15.62,2499351.0,39655426.0,16.33,16.91,17.5,18.01
2018-09-17,002910.XSHE,16.12,15.75,16.34,15.72,2042314.0,32717845.36,16.5,17.13,17.58,18.14
2018-09-14,002910.XSHE,16.93,16.15,16.96,16.11,3627843.0,59549709.16,16.71,17.34,17.66,18.26
2018-09-13,002910.XSHE,16.92,16.91,17.16,16.71,2241931.0,37878696.16,17.0,17.46,17.73,18.45
2018-09-12,002910.XSHE,16.8,16.9,17.0,16.63,2126145.0,35830783.32,17.21,17.6,17.82,18.67
2018-09-11,002910.XSHE,16.64,16.79,16.97,16.31,2404213.0,40181499.04,17.49,17.73,17.93,18.88
2018-09-10,002910.XSHE,17.59,16.8,17.69,16.68,3622683.0,62067455.16,17.76,17.89,18.09,19.12
2018-09-07,002910.XSHE,17.94,17.59,18.23,17.42,3522519.0,62857937.12,17.96,18.0,18.26,19.35
2018-09-06,002910.XSHE,17.99,17.98,18.38,17.79,4755547.0,85958049.32,17.93,18.02,18.39,19.53
2018-09-05,002910.XSHE,18.0,18.28,18.58,17.88,6540352.0,119845480.52,17.99,18.04,18.48,19.65
2018-09-04,002910.XSHE,17.79,18.15,18.43,17.59,4405867.0,79053015.24,17.98,18.08,18.56,19.78
2018-09-03,002910.XSHE,17.43,17.81,17.96,17.43,3088088.0,54767499.76,18.01,18.03,18.64,19.92
2018-08-31,002910.XSHE,18.19,17.43,18.36,17.31,3586082.0,63933549.0,18.04,17.98,18.73,20.06
2018-08-30,002910.XSHE,18.28,18.3,18.75,18.07,4499050.0,82677949.04,18.1,18.0,18.94,20.22
2018-08-29,002910.XSHE,18.24,18.21,18.44,18.02,2997278.0,54678673.4,18.1,18.03,19.21,20.38
2018-08-28,002910.XSHE,18.02,18.32,18.62,17.97,4662229.0,85130085.78,18.18,18.12,19.46,20.54
2018-08-27,002910.XSHE,17.74,17.94,18.04,17.67,2978520.0,53324260.72,18.04,18.3,19.73,20.62
2018-08-24,002910.XSHE,18.09,17.74,18.44,17.61,3888396.0,69804861.03,17.93,18.51,20.02,20.71
2018-08-23,002910.XSHE,18.19,18.27,18.76,18.17,5747481.0,105510796.84,17.89,18.76,20.29,20.82
2018-08-22,002910.XSHE,17.49,18.63,18.86,17.3,7864768.0,142668913.13,17.96,18.92,20.45,20.92
2018-08-21,002910.XSHE,17.4,17.61,17.75,17.01,3767772.0,66070539.52,18.07,19.05,20.64,21.0
2018-08-20,002910.XSHE,17.16,17.39,17.57,16.92,4357060.0,74943308.58,18.56,19.26,20.87,21.13
2018-08-17,002910.XSHE,18.77,17.54,19.02,17.01,4905392.0,88794175.41,19.09,19.47,21.09,21.26
2018-08-16,002910.XSHE,18.8,18.63,19.61,18.35,4428753.0,83827408.0,19.62,19.88,21.34,21.37
2018-08-15,002910.XSHE,19.96,19.16,20.12,19.13,5849591.0,114214169.68,19.87,20.38,21.55,21.41
2018-08-14,002910.XSHE,19.45,20.08,20.71,19.27,6542870.0,131164323.56,20.03,20.79,21.74,21.48
2018-08-13,002910.XSHE,19.85,20.04,20.21,19.62,5015598.0,99830294.0,19.95,21.17,21.78,21.5
2018-08-10,002910.XSHE,19.87,20.21,21.03,19.87,6979602.0,142164832.68,19.85,21.53,21.81,21.51
2018-08-09,002910.XSHE,19.62,19.87,20.36,19.28,6926990.0,138254877.76,20.15,21.82,21.86,21.52
2018-08-08,002910.XSHE,19.3,19.93,20.87,18.8,8884224.0,176993811.64,20.89,21.98,21.93,21.55
2018-08-07,002910.XSHE,19.1,19.72,20.04,18.7,7350481.0,142967116.04,21.55,22.23,21.98,21.52
2018-08-06,002910.XSHE,20.96,19.52,21.25,19.52,8883915.0,177606421.96,22.38,22.48,22.06,21.51
2018-08-03,002910.XSHE,23.22,21.69,23.23,21.23,10212282.0,229124421.92,23.21,22.72,22.15,21.49
2018-08-02,002910.XSHE,22.64,23.6,23.9,22.29,13115011.0,305549936.49,23.49,22.79,22.11,21.39
2018-08-01,002910.XSHE,23.89,23.22,23.92,23.09,10998256.0,258093573.72,23.06,22.72,21.92,21.23
2018-07-31,002910.XSHE,22.94,23.89,24.02,22.54,17028672.0,399612293.64,22.91,22.69,21.82,21.13
2018-07-30,002910.XSHE,22.84,23.63,23.87,21.96,18882675.0,434723105.71,22.57,22.39,21.66,21.0
2018-07-27,002910.XSHE,21.58,23.09,23.61,21.17,19179039.0,444440653.87,22.23,22.09,21.5,20.92
2018-07-26,002910.XSHE,22.23,21.46,22.37,21.41,6679337.0,145566157.7,22.1,21.9,21.38,20.93
2018-07-25,002910.XSHE,22.15,22.46,22.52,21.87,8355502.0,185754375.76,22.39,21.88,21.33,21.05
2018-07-24,002910.XSHE,21.93,22.21,22.3,21.52,8245340.0,181436028.66,22.48,21.72,21.17,21.12
2018-07-23,002910.XSHE,22.08,21.92,22.39,21.77,8612597.0,189705647.08,22.21,21.65,21.03,21.17
2018-07-20,002910.XSHE,22.25,22.43,22.63,21.87,12079479.0,268688297.8,21.95,21.58,20.88,21.2
2018-07-19,002910.XSHE,23.33,22.92,24.49,22.76,23763090.0,559940189.54,21.7,21.42,20.7,21.24
2018-07-18,002910.XSHE,20.85,22.93,22.93,20.53,15386927.0,343946733.45,21.38,21.11,20.48,21.29
2018-07-17,002910.XSHE,20.49,20.84,20.93,20.48,3769342.0,78304971.55,20.96,20.95,20.35,21.32
2018-07-16,002910.XSHE,20.97,20.63,21.12,20.4,5107794.0,106134457.23,21.09,20.93,20.3,21.39
2018-07-13,002910.XSHE,21.22,21.18,21.88,20.68,8452377.0,180103361.73,21.22,20.9,20.33,21.45
2018-07-12,002910.XSHE,20.56,21.3,21.51,20.56,7501885.0,158988082.12,21.15,20.86,20.44,21.56
2018-07-11,002910.XSHE,21.15,20.87,21.41,20.43,6534077.0,137236584.24,20.85,20.78,20.63,21.63
2018-07-10,002910.XSHE,21.08,21.46,21.54,20.87,8014232.0,169988073.29,20.94,20.62,20.82,21.73
2018-07-09,002910.XSHE,20.65,21.29,21.45,20.28,9851577.0,207028528.59,20.77,20.41,20.93,21.9
2018-07-06,002910.XSHE,19.81,20.81,21.16,19.2,8935440.0,180952178.02,20.59,20.17,21.01,22.18
2018-07-05,002910.XSHE,20.98,19.83,21.41,19.24,8288491.0,170362552.18,20.57,19.97,21.15,22.38
2018-07-04,002910.XSHE,20.46,21.3,21.62,20.39,11294912.0,239099520.16,20.71,19.85,21.37,22.53
2018-07-03,002910.XSHE,20.56,20.61,20.74,19.55,5384998.0,109325369.54,20.3,19.76,21.5,22.61
2018-07-02,002910.XSHE,20.67,20.39,21.35,20.08,7066331.0,146176582.68,20.06,19.68,21.61,22.67
2018-06-29,002910.XSHE,20.19,20.7,20.92,20.03,9547934.0,196246852.76,19.76,19.75,21.73,22.73
2018-06-28,002910.XSHE,19.24,20.54,21.14,19.12,11581884.0,234435159.9,19.37,20.03,21.91,22.76
2018-06-27,002910.XSHE,19.69,19.26,19.84,19.21,4628929.0,90031917.66,19.0,20.49,22.06,22.81
2018-06-26,002910.XSHE,18.23,19.39,19.79,18.03,5625736.0,107436651.96,19.21,21.01,22.29,22.86
2018-06-25,002910.XSHE,18.98,18.89,19.26,18.79,5175535.0,98646822.0,19.29,21.44,22.65,22.88
2018-06-22,002910.XSHE,18.32,18.77,19.01,17.72,5498024.0,102331828.5,19.75,21.85,23.18,22.92
2018-06-21,002910.XSHE,20.18,18.67,20.46,18.6,7265315.0,141469477.32,20.69,22.34,23.58,22.99
2018-06-20,002910.XSHE,19.35,20.34,20.5,19.28,7208406.0,144006430.52,21.98,22.89,23.87,23.05
2018-06-19,002910.XSHE,21.26,19.8,22.17,19.2,9406804.0,196426773.32,22.81,23.24,24.04,23.06
2018-06-15,002910.XSHE,23.11,21.18,23.67,21.16,10004057.0,220888613.56,23.59,23.55,24.16,23.08
2018-06-14,002910.XSHE,23.63,23.46,24.12,22.59,13713237.0,320859547.92,23.95,23.7,24.21,23.05
2018-06-13,002910.XSHE,24.8,25.1,25.44,24.18,18979501.0,472963828.42,23.98,23.79,24.12,22.92
2018-06-12,002910.XSHE,24.92,24.51,26.05,24.12,19122662.0,474753742.52,23.81,23.62,23.97,22.74
2018-06-11,002910.XSHE,23.11,23.68,23.71,22.7,6947543.0,161892741.96,23.67,23.57,23.79,22.56
2018-06-08,002910.XSHE,22.88,22.99,23.38,22.45,7299974.0,166264468.09,23.52,23.86,23.59,22.41
2018-06-07,002910.XSHE,24.04,23.63,24.21,23.43,8813174.0,209371215.76,23.45,24.51,23.45,22.31
2018-06-06,002910.XSHE,23.73,24.22,24.35,23.23,12084122.0,287649472.01,23.6,24.83,23.32,22.18
2018-06-05,002910.XSHE,23.01,23.82,24.05,22.54,11869692.0,279047493.19,23.44,24.84,23.13,22.01
2018-06-04,002910.XSHE,22.71,22.94,23.21,22.15,9329446.0,212258670.04,23.47,24.83,22.97,21.89
2018-06-01,002910.XSHE,23.7,22.65,24.18,21.93,14807787.0,342545056.33,24.2,24.77,22.84,21.83
2018-05-31,002910.XSHE,23.41,24.37,25.08,23.13,18317020.0,442794851.65,25.57,24.72,22.72,21.8
2018-05-30,002910.XSHE,23.48,23.44,25.1,23.06,18676337.0,452451774.41,26.05,24.46,22.49,21.72
2018-05-29,002910.XSHE,25.09,23.94,25.91,23.94,20251563.0,504036079.26,26.24,24.32,22.3,21.63
2018-05-28,002910.XSHE,28.55,26.6,29.14,26.54,28190112.0,764733770.01,26.19,24.0,22.06,21.6
2018-05-25,002910.XSHE,27.27,29.48,29.48,27.27,25028491.0,718283884.07,25.35,23.33,21.69,21.47
2018-05-24,002910.XSHE,26.81,26.81,26.81,25.2,20224544.0,536512554.3,23.88,22.4,21.22,21.28
2018-05-23,002910.XSHE,23.23,24.36,25.6,22.95,22341580.0,538627181.54,22.86,21.8,20.86,21.14
2018-05-22,002910.XSHE,22.15,23.72,24.6,21.72,21288887.0,495005864.55,22.4,21.41,20.59,21.14
2018-05-21,002910.XSHE,21.45,22.37,22.52,21.07,11091516.0,241641973.77,21.81,21.11,20.42,21.15
2018-05-18,002910.XSHE,21.54,22.15,22.52,21.17,11940785.0,262961383.99,21.31,20.92,20.36,21.16
2018-05-17,002910.XSHE,21.66,21.7,21.88,21.32,8928932.0,192899047.81,20.91,20.73,20.34,21.15
2018-05-16,002910.XSHE,20.73,22.07,22.62,20.53,15059442.0,325675175.11,20.75,20.52,20.36,21.11
2018-05-15,002910.XSHE,19.87,20.77,20.77,19.69,6150486.0,125429099.76,20.42,20.28,20.29,21.06
2018-05-14,002910.XSHE,20.14,19.85,20.33,19.49,3657954.0,72621794.84,20.4,20.11,20.4,21.06
2018-05-11,002910.XSHE,20.79,20.18,20.79,20.09,4487499.0,91547001.32,20.52,20.04,20.54,21.17
2018-05-10,002910.XSHE,20.47,20.88,21.01,20.3,5593243.0,115832832.82,20.54,20.04,20.71,21.24
2018-05-09,002910.XSHE,20.56,20.43,20.78,20.21,4288473.0,87525392.9,20.28,19.91,20.8,21.25
2018-05-08,002910.XSHE,20.28,20.67,21.12,20.18,6984578.0,145189032.2,20.13,19.77,21.01,21.21
2018-05-07,002910.XSHE,19.89,20.45,20.55,19.83,5790085.0,117351782.88,19.81,19.73,21.17,21.14
2018-05-04,002910.XSHE,19.49,20.26,20.66,19.39,7517867.0,150753846.03,19.57,19.8,21.28,21.06
2018-05-03,002910.XSHE,19.54,19.61,19.84,18.91,4560616.0,88488457.62,19.54,19.96,21.36,20.99
2018-05-02,002910.XSHE,19.36,19.66,19.98,18.87,3713851.0,72032497.32,19.54,20.2,21.4,20.91
2018-04-27,002910.XSHE,19.6,19.09,19.8,18.85,3309075.0,63706058.29,19.42,20.3,21.45,20.82
2018-04-26,002910.XSHE,19.86,19.22,20.56,19.2,4597448.0,91476404.54,19.64,20.69,21.54,20.8
2018-04-25,002910.XSHE,19.73,20.1,20.67,19.73,5129810.0,103699301.23,20.04,21.04,21.74,20.78
2018-04-24,002910.XSHE,19.11,19.63,19.98,19.11,4117549.0,80651719.76,20.38,21.39,21.83,20.74
2018-04-23,002910.XSHE,19.49,19.06,19.96,18.51,5670441.0,109127053.31,20.85,21.7,21.92,20.73
2018-04-20,002910.XSHE,21.31,20.19,21.93,20.14,6090992.0,128380417.38,21.18,22.24,21.93,20.72
2018-04-19,002910.XSHE,21.29,21.23,21.92,21.08,5740543.0,123305015.24,21.74,22.62,21.84,20.66
2018-04-18,002910.XSHE,20.97,21.81,22.29,20.47,10188636.0,218984677.67,22.04,22.75,21.68,20.57
2018-04-17,002910.XSHE,20.09,21.96,22.64,19.1,13821780.0,287898789.07,22.4,22.76,21.51,20.44
2018-04-16,002910.XSHE,22.74,20.7,22.94,20.7,7120439.0,153894720.79,22.54,22.61,21.26,20.28
2018-04-13,002910.XSHE,22.95,23.01,23.1,22.56,4820713.0,109981690.88,23.29,22.6,21.08,20.18
2018-04-12,002910.XSHE,23.01,22.7,23.61,22.49,7104908.0,162902664.79,23.49,22.39,20.86,20.0
2018-04-11,002910.XSHE,22.57,23.61,23.71,22.46,8929691.0,206550509.93,23.47,22.44,20.64,19.85
2018-04-10,002910.XSHE,23.64,22.69,24.15,22.45,14269507.0,330175101.01,23.12,22.28,20.42,19.67
2018-04-09,002910.XSHE,24.11,24.45,25.44,23.24,21305416.0,522653942.2,22.67,22.14,20.24,19.5
2018-04-04,002910.XSHE,22.15,24.02,24.84,21.75,25797507.0,609157730.06,21.91,21.63,19.97,19.23
2018-04-03,002910.XSHE,21.36,22.58,23.17,21.18,19192187.0,426267563.77,21.28,21.06,19.68,18.96
2018-04-02,002910.XSHE,20.97,21.84,22.3,20.67,14386773.0,307325038.42,21.41,20.62,19.48,18.74
2018-03-30,002910.XSHE,20.65,20.46,21.12,20.29,8460048.0,174431957.04,21.44,20.26,19.29,18.56
2018-03-29,002910.XSHE,20.5,20.64,21.16,20.13,10466247.0,214691056.68,21.61,19.92,19.12,18.4
2018-03-28,002910.XSHE,22.23,20.89,22.89,20.89,17117752.0,376075017.6,21.35,19.57,18.98,18.3
2018-03-27,002910.XSHE,20.88,23.21,24.22,20.88,24307688.0,539908195.58,20.85,19.33,18.81,18.19
2018-03-26,002910.XSHE,21.66,22.01,23.02,19.3,24514156.0,525211884.22,19.83,18.85,18.56,17.99
2018-03-23,002910.XSHE,18.99,21.29,21.29,18.99,25111229.0,517786020.7,19.08,18.56,18.37,17.9
2018-03-22,002910.XSHE,18.09,19.35,20.21,17.74,12917242.0,245120648.83,18.24,18.35,18.18,17.83
2018-03-21,002910.XSHE,18.18,18.37,19.18,18.03,7313924.0,136010178.38,17.79,18.31,18.03,17.83
2018-03-20,002910.XSHE,18.0,18.11,18.23,17.63,4572501.0,82160890.64,17.82,18.3,17.91,17.91
2018-03-19,002910.XSHE,17.49,18.28,18.56,17.09,6704792.0,121307066.48,17.87,18.35,17.81,18.07
2018-03-16,002910.XSHE,16.95,17.08,17.57,16.93,3519948.0,60843840.15,18.05,18.31,17.71,18.27
2018-03-15,002910.XSHE,18.11,17.09,18.34,16.74,6810557.0,118562403.9,18.45,18.32,17.64,18.49
2018-03-14,002910.XSHE,18.28,18.53,18.86,18.0,5282618.0,97929061.89,18.83,18.39,17.66,18.71
2018-03-13,002910.XSHE,19.1,18.38,19.3,18.37,6142296.0,115922848.63,18.77,18.29,17.62,18.93
2018-03-12,002910.XSHE,19.1,19.15,19.39,18.82,6257128.0,119271412.34,18.83,18.27,17.56,19.13
2018-03-09,002910.XSHE,18.8,19.11,19.57,18.61,7731870.0,146973447.79,18.58,18.17,17.57,19.26
2018-03-08,002910.XSHE,18.17,19.0,19.1,18.17,7819959.0,146189827.46,18.2,18.01,17.57,19.44
2018-03-07,002910.XSHE,18.51,18.23,18.6,18.06,5307275.0,97068662.75,17.94,17.76,17.59,19.6
2018-03-06,002910.XSHE,17.83,18.66,18.76,17.72,8265940.0,150833455.81,17.81,17.52,17.72,19.82
2018-03-05,002910.XSHE,17.19,17.9,17.99,17.14,5058354.0,89693839.92,17.71,17.26,17.94,19.94
2018-03-02,002910.XSHE,17.44,17.2,17.62,17.15,3611136.0,62895254.0,17.75,17.1,18.24,20.06
2018-03-01,002910.XSHE,17.4,17.7,17.8,17.21,3700176.0,65103157.02,17.82,16.96,18.57,20.26
2018-02-28,002910.XSHE,17.69,17.6,17.84,17.35,4011212.0,70720170.04,17.57,16.94,18.88,20.47
2018-02-27,002910.XSHE,18.02,18.16,18.66,17.75,6065046.0,109619661.44,17.23,16.94,19.25,20.64
2018-02-26,002910.XSHE,17.82,18.11,18.29,17.68,6582121.0,118396023.23,16.81,16.86,19.56,20.81
2018-02-23,002910.XSHE,16.37,17.55,18.02,16.3,7029011.0,120840982.39,16.44,16.97,19.81,20.93
2018-02-22,002910.XSHE,16.07,16.45,16.54,16.07,3485395.0,57062734.23,16.09,17.13,20.15,21.04
2018-02-14,002910.XSHE,16.13,15.89,16.32,15.78,2042577.0,32503055.48,16.3,17.42,20.53,21.17
2018-02-13,002910.XSHE,16.52,16.05,16.53,16.05,3243700.0,52776654.2,16.64,17.91,20.96,21.33
2018-02-12,002910.XSHE,16.15,16.27,16.43,15.97,3296554.0,53461866.04,16.9,18.61,21.28,21.5
2018-02-09,002910.XSHE,16.74,15.77,16.9,15.77,5550012.0,90186710.55,17.5,19.39,21.54,21.63
2018-02-08,002910.XSHE,17.32,17.52,17.9,17.18,4068312.0,71693371.07,18.18,20.19,21.91,21.83
2018-02-07,002910.XSHE,17.75,17.6,18.06,16.14,7771341.0,134776532.67,18.54,20.82,22.24,21.95
2018-02-06,002910.XSHE,18.1,17.35,18.25,17.35,6004192.0,106446234.06,19.17,21.56,22.49,22.06
2018-02-05,002910.XSHE,18.7,19.28,20.08,18.49,5686423.0,111218727.16,20.32,22.26,22.79,22.11
2018-02-02,002910.XSHE,19.35,19.17,19.69,18.23,5956728.0,114207191.64,21.27,22.64,22.91,22.04
2018-02-01,002910.XSHE,20.48,19.31,21.26,18.96,7970146.0,160600420.54,22.2,23.16,22.99,21.97
2018-01-31,002910.XSHE,22.64,20.76,22.64,20.76,9500754.0,202712453.72,23.1,23.64,23.05,21.91
2018-01-30,002910.XSHE,23.78,23.07,24.28,23.06,6879997.0,162268249.64,23.96,24.02,23.05,21.82
2018-01-29,002910.XSHE,23.63,24.03,24.2,22.94,8444955.0,199668302.08,24.21,23.95,22.94,21.63
2018-01-26,002910.XSHE,23.18,23.82,24.47,23.18,9052385.0,215452959.01,24.01,23.7,22.76,21.43
2018-01-25,002910.XSHE,24.62,23.83,25.58,23.69,13713156.0,336222998.26,24.12,23.63,22.65,21.22
2018-01-24,002910.XSHE,24.26,25.03,25.59,23.73,18079939.0,448036713.21,24.17,23.65,22.52,21.01
2018-01-23,002910.XSHE,22.84,24.34,25.09,22.66,14771252.0,355852197.65,24.09,23.41,22.3,20.75
2018-01-22,002910.XSHE,23.68,23.04,23.92,21.93,10309779.0,236275776.72,23.69,23.31,22.03,20.55
2018-01-19,002910.XSHE,24.18,24.37,24.54,23.47,13032600.0,312974420.86,23.39,23.18,21.74,20.4
2018-01-18,002910.XSHE,24.51,24.09,25.47,23.63,20828539.0,511694830.64,23.14,22.82,21.37,20.18
2018-01-17,002910.XSHE,22.07,24.6,24.6,21.76,19034026.0,449030836.8,23.14,22.46,21.04,19.98
2018-01-16,002910.XSHE,21.52,22.37,23.03,21.31,12180850.0,272399451.24,22.74,22.07,20.71,19.75
2018-01-15,002910.XSHE,22.51,21.52,22.51,20.97,12264185.0,267360937.34,22.92,21.94,20.47,19.63
2018-01-12,002910.XSHE,23.63,23.13,24.81,23.13,14206153.0,338119916.02,22.98,21.81,20.29,19.61
2018-01-11,002910.XSHE,21.9,24.06,24.87,21.9,20716477.0,488699459.26,22.5,21.66,20.02,19.57
2018-01-10,002910.XSHE,22.62,22.62,23.12,21.93,15606957.0,351499139.12,21.78,21.38,19.69,19.47
2018-01-09,002910.XSHE,21.66,23.27,23.95,21.36,23548691.0,536266605.79,21.41,21.19,19.42,19.47
2018-01-08,002910.XSHE,20.3,21.8,22.18,20.14,17175112.0,362877796.46,20.95,20.75,19.18,19.44
2018-01-05,002910.XSHE,19.99,20.77,21.21,19.41,12601027.0,255986059.35,20.65,20.29,19.0,19.44
2018-01-04,002910.XSHE,20.87,20.46,21.43,20.38,10690464.0,222762896.02,20.83,19.92,18.85,19.52
2018-01-03,002910.XSHE,20.79,20.73,21.06,20.34,10303816.0,212438389.43,20.97,19.62,18.75,19.69
2018-01-02,002910.XSHE,20.45,21.0,21.39,19.89,12686705.0,264947442.19,20.98,19.35,18.59,19.93
2017-12-29,002910.XSHE,21.19,20.28,21.49,20.07,13170963.0,274425140.31,20.56,19.01,18.48,20.27
2017-12-28,002910.XSHE,20.67,21.66,22.23,19.82,21556833.0,449755017.37,19.93,18.77,18.51,20.6
2017-12-27,002910.XSHE,20.68,21.19,22.69,20.58,26691860.0,570717404.77,19.02,18.38,18.52,20.79
2017-12-26,002910.XSHE,18.44,20.77,20.77,18.44,25126507.0,496612346.98,18.27,18.0,18.52,20.92
2017-12-25,002910.XSHE,16.88,18.88,18.88,16.81,14706674.0,266843667.51,17.72,17.64,18.61,20.98
2017-12-22,002910.XSHE,17.1,17.17,17.64,17.09,5246729.0,90938254.81,17.46,17.6,18.78,21.11
2017-12-21,002910.XSHE,17.13,17.11,17.43,16.45,6937576.0,118115972.63,17.6,17.72,19.01,21.29
2017-12-20,002910.XSHE,17.82,17.41,18.0,17.33,6943236.0,122252296.52,17.73,17.78,19.31,21.41
2017-12-19,002910.XSHE,17.53,18.05,18.56,17.44,9736470.0,175172201.08,17.73,17.87,19.73,21.45
2017-12-18,002910.XSHE,17.8,17.55,17.91,17.18,6215399.0,108995702.09,17.56,17.83,20.23,21.41
2017-12-15,002910.XSHE,17.65,17.89,18.11,17.25,8020615.0,141589877.5,17.75,17.95,20.91,21.35
2017-12-14,002910.XSHE,17.4,17.73,17.92,17.33,6387234.0,112885417.62,17.83,18.25,21.52,21.22
2017-12-13,002910.XSHE,17.14,17.42,17.6,17.13,5242381.0,91209961.9,17.83,18.66,22.0,21.05
2017-12-12,002910.XSHE,18.38,17.22,18.38,16.95,8964533.0,157906894.66,18.01,19.04,22.38,20.86
2017-12-11,002910.XSHE,18.16,18.47,18.59,17.93,7387067.0,135667207.0,18.09,19.58,22.65,20.64
2017-12-08,002910.XSHE,17.7,18.31,18.66,17.5,9866041.0,180049094.06,18.16,19.97,22.86,
2017-12-07,002910.XSHE,18.02,17.73,18.31,17.62,7183869.0,129475650.48,18.68,20.31,23.08,
2017-12-06,002910.XSHE,17.63,18.34,18.44,17.63,9183476.0,166024477.92,19.48,20.84,23.22,
2017-12-05,002910.XSHE,18.21,17.6,18.56,17.44,9724178.0,174945347.2,20.08,21.58,23.24,
2017-12-04,002910.XSHE,20.16,18.81,20.33,18.81,10349796.0,200229795.53,21.06,22.62,23.21,
2017-12-01,002910.XSHE,21.66,20.9,21.66,20.5,9969058.0,209379723.28,21.78,23.86,23.04,
2017-11-30,002910.XSHE,21.4,21.75,22.12,21.26,12063451.0,262173312.63,21.94,24.79,22.7,
2017-11-29,002910.XSHE,22.07,21.32,22.23,20.67,13969405.0,299017683.03,22.21,25.35,22.25,
2017-11-28,002910.XSHE,21.97,22.54,23.13,21.5,14379817.0,323085193.69,23.08,25.71,21.77,
2017-11-27,002910.XSHE,21.78,22.38,22.7,21.21,14826651.0,327966534.64,24.19,25.72,21.17,
2017-11-24,002910.XSHE,22.49,21.7,23.03,21.46,15782190.0,350918936.21,25.95,25.75,,
2017-11-23,002910.XSHE,23.84,23.11,24.75,23.11,21024529.0,502364236.72,27.63,25.84,,
2017-11-22,002910.XSHE,27.52,25.68,28.06,25.25,28984504.0,763947645.04,28.49,25.59,,
2017-11-21,002910.XSHE,28.06,28.06,28.06,28.06,5354014.0,150214950.0,28.34,24.9,,
2017-11-20,002910.XSHE,29.31,31.18,33.16,29.05,35164201.0,1105199993.42,27.26,23.79,,
2017-11-17,002910.XSHE,27.2,30.14,30.14,25.3,32376013.0,888754700.63,25.55,22.22,,
2017-11-16,002910.XSHE,27.41,27.41,27.41,27.41,1354200.0,37114255.68,24.06,20.62,,
2017-11-15,002910.XSHE,24.92,24.92,24.92,24.92,290739.0,7244101.65,22.69,19.15,,
2017-11-14,002910.XSHE,22.65,22.65,22.65,22.65,0.0,0.0,21.45,17.82,,
2017-11-13,002910.XSHE,22.65,22.65,22.65,22.65,0.0,0.0,20.33,16.62,,
2017-11-10,002910.XSHE,22.65,22.65,22.65,22.65,117937.0,2671507.02,18.89,,,
2017-11-09,002910.XSHE,20.59,20.59,20.59,20.59,79827.0,1643998.2,17.18,,,
2017-11-08,002910.XSHE,18.72,18.72,18.72,18.72,55207.0,1033698.96,15.62,,,
2017-11-07,002910.XSHE,17.02,17.02,17.02,17.02,19398.0,330169.84,14.2,,,
2017-11-06,002910.XSHE,15.48,15.48,15.48,15.48,17777.0,275100.0,12.91,,,
2017-11-03,002910.XSHE,14.07,14.07,14.07,14.07,13011.0,183040.61,,,,
2017-11-02,002910.XSHE,12.79,12.79,12.79,12.79,5384.0,68847.0,,,,
2017-11-01,002910.XSHE,11.63,11.63,11.63,11.63,5258.0,61128.56,,,,
2017-10-31,002910.XSHE,8.81,10.57,10.57,8.81,15818.0,166975.28,,,,
2017-10-30,002910.XSHE,,,,,,,,,,
2017-10-27,002910.XSHE,,,,,,,,,,
2017-10-26,002910.XSHE,,,,,,,,,,
2017-10-25,002910.XSHE,,,,,,,,,,
2017-10-24,002910.XSHE,,,,,,,,,,
2017-10-23,002910.XSHE,,,,,,,,,,
2017-10-20,002910.XSHE,,,,,,,,,,
2017-10-19,002910.XSHE,,,,,,,,,,
2017-10-18,002910.XSHE,,,,,,,,,,
2017-10-17,002910.XSHE,,,,,,,,,,
2017-10-16,002910.XSHE,,,,,,,,,,
2017-10-13,002910.XSHE,,,,,,,,,,
2017-10-12,002910.XSHE,,,,,,,,,,
2017-10-11,002910.XSHE,,,,,,,,,,
2017-10-10,002910.XSHE,,,,,,,,,,
2017-10-09,002910.XSHE,,,,,,,,,,
2017-09-29,002910.XSHE,,,,,,,,,,
2017-09-28,002910.XSHE,,,,,,,,,,
2017-09-27,002910.XSHE,,,,,,,,,,
2017-09-26,002910.XSHE,,,,,,,,,,
2017-09-25,002910.XSHE,,,,,,,,,,
2017-09-22,002910.XSHE,,,,,,,,,,
2017-09-21,002910.XSHE,,,,,,,,,,
2017-09-20,002910.XSHE,,,,,,,,,,
2017-09-19,002910.XSHE,,,,,,,,,,
2017-09-18,002910.XSHE,,,,,,,,,,
2017-09-15,002910.XSHE,,,,,,,,,,
2017-09-14,002910.XSHE,,,,,,,,,,
2017-09-13,002910.XSHE,,,,,,,,,,
2017-09-12,002910.XSHE,,,,,,,,,,
2017-09-11,002910.XSHE,,,,,,,,,,
2017-09-08,002910.XSHE,,,,,,,,,,
2017-09-07,002910.XSHE,,,,,,,,,,
2017-09-06,002910.XSHE,,,,,,,,,,
2017-09-05,002910.XSHE,,,,,,,,,,
2017-09-04,002910.XSHE,,,,,,,,,,
2017-09-01,002910.XSHE,,,,,,,,,,
2017-08-31,002910.XSHE,,,,,,,,,,
2017-08-30,002910.XSHE,,,,,,,,,,
2017-08-29,002910.XSHE,,,,,,,,,,
2017-08-28,002910.XSHE,,,,,,,,,,
2017-08-25,002910.XSHE,,,,,,,,,,
2017-08-24,002910.XSHE,,,,,,,,,,
2017-08-23,002910.XSHE,,,,,,,,,,
2017-08-22,002910.XSHE,,,,,,,,,,
2017-08-21,002910.XSHE,,,,,,,,,,
2017-08-18,002910.XSHE,,,,,,,,,,
2017-08-17,002910.XSHE,,,,,,,,,,
2017-08-16,002910.XSHE,,,,,,,,,,
2017-08-15,002910.XSHE,,,,,,,,,,
2017-08-14,002910.XSHE,,,,,,,,,,
2017-08-11,002910.XSHE,,,,,,,,,,
2017-08-10,002910.XSHE,,,,,,,,,,
2017-08-09,002910.XSHE,,,,,,,,,,
2017-08-08,002910.XSHE,,,,,,,,,,
2017-08-07,002910.XSHE,,,,,,,,,,
2017-08-04,002910.XSHE,,,,,,,,,,
2017-08-03,002910.XSHE,,,,,,,,,,
2017-08-02,002910.XSHE,,,,,,,,,,
2017-08-01,002910.XSHE,,,,,,,,,,
2017-07-31,002910.XSHE,,,,,,,,,,
2017-07-28,002910.XSHE,,,,,,,,,,
2017-07-27,002910.XSHE,,,,,,,,,,
2017-07-26,002910.XSHE,,,,,,,,,,
2017-07-25,002910.XSHE,,,,,,,,,,
2017-07-24,002910.XSHE,,,,,,,,,,
2017-07-21,002910.XSHE,,,,,,,,,,
2017-07-20,002910.XSHE,,,,,,,,,,
2017-07-19,002910.XSHE,,,,,,,,,,
2017-07-18,002910.XSHE,,,,,,,,,,
2017-07-17,002910.XSHE,,,,,,,,,,
2017-07-14,002910.XSHE,,,,,,,,,,
2017-07-13,002910.XSHE,,,,,,,,,,
2017-07-12,002910.XSHE,,,,,,,,,,
2017-07-11,002910.XSHE,,,,,,,,,,
2017-07-10,002910.XSHE,,,,,,,,,,
2017-07-07,002910.XSHE,,,,,,,,,,
2017-07-06,002910.XSHE,,,,,,,,,,
2017-07-05,002910.XSHE,,,,,,,,,,
2017-07-04,002910.XSHE,,,,,,,,,,
2017-07-03,002910.XSHE,,,,,,,,,,
2017-06-30,002910.XSHE,,,,,,,,,,
2017-06-29,002910.XSHE,,,,,,,,,,
2017-06-28,002910.XSHE,,,,,,,,,,
2017-06-27,002910.XSHE,,,,,,,,,,
2017-06-26,002910.XSHE,,,,,,,,,,
2017-06-23,002910.XSHE,,,,,,,,,,
2017-06-22,002910.XSHE,,,,,,,,,,
2017-06-21,002910.XSHE,,,,,,,,,,
2017-06-20,002910.XSHE,,,,,,,,,,
2017-06-19,002910.XSHE,,,,,,,,,,
2017-06-16,002910.XSHE,,,,,,,,,,
2017-06-15,002910.XSHE,,,,,,,,,,
2017-06-14,002910.XSHE,,,,,,,,,,
2017-06-13,002910.XSHE,,,,,,,,,,
2017-06-12,002910.XSHE,,,,,,,,,,
2017-06-09,002910.XSHE,,,,,,,,,,
2017-06-08,002910.XSHE,,,,,,,,,,
2017-06-07,002910.XSHE,,,,,,,,,,
2017-06-06,002910.XSHE,,,,,,,,,,
2017-06-05,002910.XSHE,,,,,,,,,,
2017-06-02,002910.XSHE,,,,,,,,,,
2017-06-01,002910.XSHE,,,,,,,,,,
2017-05-31,002910.XSHE,,,,,,,,,,
2017-05-26,002910.XSHE,,,,,,,,,,
2017-05-25,002910.XSHE,,,,,,,,,,
2017-05-24,002910.XSHE,,,,,,,,,,
2017-05-23,002910.XSHE,,,,,,,,,,
2017-05-22,002910.XSHE,,,,,,,,,,
2017-05-19,002910.XSHE,,,,,,,,,,
2017-05-18,002910.XSHE,,,,,,,,,,
2017-05-17,002910.XSHE,,,,,,,,,,
2017-05-16,002910.XSHE,,,,,,,,,,
2017-05-15,002910.XSHE,,,,,,,,,,
2017-05-12,002910.XSHE,,,,,,,,,,
2017-05-11,002910.XSHE,,,,,,,,,,
2017-05-10,002910.XSHE,,,,,,,,,,
2017-05-09,002910.XSHE,,,,,,,,,,
2017-05-08,002910.XSHE,,,,,,,,,,
2017-05-05,002910.XSHE,,,,,,,,,,
2017-05-04,002910.XSHE,,,,,,,,,,
2017-05-03,002910.XSHE,,,,,,,,,,
2017-05-02,002910.XSHE,,,,,,,,,,
2017-04-28,002910.XSHE,,,,,,,,,,
2017-04-27,002910.XSHE,,,,,,,,,,
2017-04-26,002910.XSHE,,,,,,,,,,
2017-04-25,002910.XSHE,,,,,,,,,,
2017-04-24,002910.XSHE,,,,,,,,,,
2017-04-21,002910.XSHE,,,,,,,,,,
2017-04-20,002910.XSHE,,,,,,,,,,
2017-04-19,002910.XSHE,,,,,,,,,,
2017-04-18,002910.XSHE,,,,,,,,,,
2017-04-17,002910.XSHE,,,,,,,,,,
2017-04-14,002910.XSHE,,,,,,,,,,
2017-04-13,002910.XSHE,,,,,,,,,,
2017-04-12,002910.XSHE,,,,,,,,,,
2017-04-11,002910.XSHE,,,,,,,,,,
2017-04-10,002910.XSHE,,,,,,,,,,
2017-04-07,002910.XSHE,,,,,,,,,,
2017-04-06,002910.XSHE,,,,,,,,,,
2017-04-05,002910.XSHE,,,,,,,,,,
2017-03-31,002910.XSHE,,,,,,,,,,
2017-03-30,002910.XSHE,,,,,,,,,,
2017-03-29,002910.XSHE,,,,,,,,,,
2017-03-28,002910.XSHE,,,,,,,,,,
2017-03-27,002910.XSHE,,,,,,,,,,
2017-03-24,002910.XSHE,,,,,,,,,,
2017-03-23,002910.XSHE,,,,,,,,,,
2017-03-22,002910.XSHE,,,,,,,,,,
2017-03-21,002910.XSHE,,,,,,,,,,
2017-03-20,002910.XSHE,,,,,,,,,,
2017-03-17,002910.XSHE,,,,,,,,,,
2017-03-16,002910.XSHE,,,,,,,,,,
2017-03-15,002910.XSHE,,,,,,,,,,
2017-03-14,002910.XSHE,,,,,,,,,,
2017-03-13,002910.XSHE,,,,,,,,,,
2017-03-10,002910.XSHE,,,,,,,,,,
2017-03-09,002910.XSHE,,,,,,,,,,
2017-03-08,002910.XSHE,,,,,,,,,,
2017-03-07,002910.XSHE,,,,,,,,,,
2017-03-06,002910.XSHE,,,,,,,,,,
2017-03-03,002910.XSHE,,,,,,,,,,
2017-03-02,002910.XSHE,,,,,,,,,,
2017-03-01,002910.XSHE,,,,,,,,,,
2017-02-28,002910.XSHE,,,,,,,,,,
2017-02-27,002910.XSHE,,,,,,,,,,
2017-02-24,002910.XSHE,,,,,,,,,,
2017-02-23,002910.XSHE,,,,,,,,,,
2017-02-22,002910.XSHE,,,,,,,,,,
2017-02-21,002910.XSHE,,,,,,,,,,
2017-02-20,002910.XSHE,,,,,,,,,,
2017-02-17,002910.XSHE,,,,,,,,,,
2017-02-16,002910.XSHE,,,,,,,,,,
2017-02-15,002910.XSHE,,,,,,,,,,
2017-02-14,002910.XSHE,,,,,,,,,,
2017-02-13,002910.XSHE,,,,,,,,,,
2017-02-10,002910.XSHE,,,,,,,,,,
2017-02-09,002910.XSHE,,,,,,,,,,
2017-02-08,002910.XSHE,,,,,,,,,,
2017-02-07,002910.XSHE,,,,,,,,,,
2017-02-06,002910.XSHE,,,,,,,,,,
2017-02-03,002910.XSHE,,,,,,,,,,
2017-01-26,002910.XSHE,,,,,,,,,,
2017-01-25,002910.XSHE,,,,,,,,,,
2017-01-24,002910.XSHE,,,,,,,,,,
2017-01-23,002910.XSHE,,,,,,,,,,
2017-01-20,002910.XSHE,,,,,,,,,,
2017-01-19,002910.XSHE,,,,,,,,,,
2017-01-18,002910.XSHE,,,,,,,,,,
2017-01-17,002910.XSHE,,,,,,,,,,
2017-01-16,002910.XSHE,,,,,,,,,,
2017-01-13,002910.XSHE,,,,,,,,,,
2017-01-12,002910.XSHE,,,,,,,,,,
2017-01-11,002910.XSHE,,,,,,,,,,
2017-01-10,002910.XSHE,,,,,,,,,,
2017-01-09,002910.XSHE,,,,,,,,,,
2017-01-06,002910.XSHE,,,,,,,,,,
2017-01-05,002910.XSHE,,,,,,,,,,
2017-01-04,002910.XSHE,,,,,,,,,,
2017-01-03,002910.XSHE,,,,,,,,,,
