trade_date,ts_code,open,close,high,low,volume,money,MA5,MA10,MA20,MA30
2022-05-27,600835.XSHG,11.98,11.97,12.06,11.86,1924850.0,23017225.0,11.89,11.86,11.68,11.84
2022-05-26,600835.XSHG,11.83,11.98,12.02,11.75,1938341.0,23114254.0,11.89,11.85,11.63,11.86
2022-05-25,600835.XSHG,11.66,11.85,11.85,11.64,1793873.0,21066435.0,11.86,11.82,11.58,11.88
2022-05-24,600835.XSHG,11.89,11.64,12.07,11.59,2684490.0,31667677.0,11.85,11.8,11.57,11.91
2022-05-23,600835.XSHG,11.97,11.99,12.05,11.89,1181863.0,14114803.0,11.89,11.81,11.59,11.95
2022-05-20,600835.XSHG,11.83,11.97,12.03,11.83,2045206.0,24421814.0,11.84,11.76,11.61,11.99
2022-05-19,600835.XSHG,11.69,11.83,11.83,11.65,1356777.0,15944980.0,11.81,11.7,11.64,12.03
2022-05-18,600835.XSHG,11.88,11.8,11.95,11.73,1940287.0,22876640.0,11.79,11.67,11.69,12.07
2022-05-17,600835.XSHG,11.77,11.88,11.95,11.69,2473496.0,29257899.0,11.76,11.63,11.73,12.11
2022-05-16,600835.XSHG,11.77,11.73,11.91,11.66,1956900.0,23006128.0,11.73,11.55,11.78,12.15
2022-05-13,600835.XSHG,11.65,11.82,11.85,11.6,1747396.0,20499651.0,11.68,11.5,11.83,12.19
2022-05-12,600835.XSHG,11.7,11.72,11.74,11.54,1759600.0,20485768.0,11.59,11.41,11.87,12.24
2022-05-11,600835.XSHG,11.73,11.66,11.95,11.63,3215376.0,37941632.0,11.56,11.34,11.91,12.3
2022-05-10,600835.XSHG,11.45,11.73,11.8,11.38,3515354.0,41038858.0,11.51,11.34,11.96,12.37
2022-05-09,600835.XSHG,11.26,11.48,11.52,11.26,1429870.0,16371231.0,11.38,11.37,12.02,12.43
2022-05-06,600835.XSHG,11.41,11.37,11.68,11.35,2725201.0,31278237.0,11.32,11.46,12.11,12.51
2022-05-05,600835.XSHG,11.41,11.54,11.65,11.36,3695108.0,42720151.0,11.22,11.58,12.19,12.57
2022-04-29,600835.XSHG,11.22,11.41,11.64,11.0,4176400.0,47429380.0,11.12,11.7,12.26,12.63
2022-04-28,600835.XSHG,11.15,11.08,11.28,10.91,2679101.0,29661160.0,11.18,11.84,12.35,12.67
2022-04-27,600835.XSHG,10.74,11.21,11.3,10.62,4097517.0,45230857.0,11.36,12.01,12.44,12.72
2022-04-26,600835.XSHG,11.03,10.86,11.35,10.84,4837700.0,53512866.0,11.61,12.15,12.54,12.79
2022-04-25,600835.XSHG,11.6,11.02,11.62,11.0,4754435.0,53719196.0,11.94,12.34,12.66,12.88
2022-04-22,600835.XSHG,11.9,11.75,11.94,11.63,3178915.0,37334926.0,12.29,12.48,12.78,12.95
2022-04-21,600835.XSHG,12.51,11.97,12.51,11.93,4476950.0,54331521.0,12.49,12.58,12.88,13.0
2022-04-20,600835.XSHG,12.55,12.44,12.65,12.36,1790124.0,22400485.0,12.66,12.67,12.96,13.06
2022-04-19,600835.XSHG,12.76,12.54,12.76,12.47,2812008.0,35341128.0,12.7,12.75,13.03,13.12
2022-04-18,600835.XSHG,12.66,12.75,12.85,12.55,1313000.0,16693511.0,12.73,12.79,13.07,13.19
2022-04-15,600835.XSHG,12.74,12.73,12.82,12.65,1246633.0,15882458.0,12.66,12.82,13.09,13.25
2022-04-14,600835.XSHG,12.62,12.84,12.95,12.57,2530540.0,32520274.0,12.67,12.86,13.09,13.31
2022-04-13,600835.XSHG,12.65,12.63,12.82,12.58,2663896.0,33789519.0,12.68,12.87,13.08,13.36
2022-04-12,600835.XSHG,12.43,12.68,12.7,12.13,3817300.0,47494236.0,12.8,12.93,13.11,13.42
2022-04-11,600835.XSHG,12.79,12.42,12.94,12.33,3698049.0,46300635.0,12.86,12.98,13.15,13.48
2022-04-08,600835.XSHG,12.96,12.76,12.98,12.6,2468683.0,31473441.0,12.98,13.09,13.19,13.54
2022-04-07,600835.XSHG,13.25,12.93,13.3,12.92,3245501.0,42456052.0,13.05,13.18,13.22,13.61
2022-04-06,600835.XSHG,13.01,13.19,13.26,12.95,2873000.0,37689922.0,13.06,13.25,13.26,13.66
2022-04-01,600835.XSHG,12.96,13.01,13.07,12.87,2223029.0,28866048.0,13.06,13.31,13.31,13.72
2022-03-31,600835.XSHG,13.09,13.01,13.24,13.0,2339463.0,30605809.0,13.1,13.34,13.38,13.77
2022-03-30,600835.XSHG,12.99,13.12,13.13,12.9,2445510.0,31935274.0,13.19,13.35,13.46,13.82
2022-03-29,600835.XSHG,13.11,12.99,13.29,12.92,2083492.0,27208906.0,13.3,13.33,13.53,13.87
2022-03-28,600835.XSHG,13.13,13.17,13.18,12.86,3115467.0,40568138.0,13.44,13.29,13.6,13.92
2022-03-25,600835.XSHG,13.42,13.22,13.53,13.19,2777221.0,37024400.0,13.57,13.3,13.67,13.97
2022-03-24,600835.XSHG,13.67,13.47,13.7,13.46,2282867.0,30932497.0,13.57,13.32,13.73,14.02
2022-03-23,600835.XSHG,13.6,13.67,13.74,13.52,2423033.0,33062555.0,13.51,13.3,13.77,14.06
2022-03-22,600835.XSHG,13.68,13.66,14.05,13.61,3488038.0,47976182.0,13.35,13.26,13.83,14.09
2022-03-21,600835.XSHG,13.58,13.81,14.24,13.53,6620363.0,91711298.0,13.14,13.26,13.87,14.13
2022-03-18,600835.XSHG,13.16,13.26,13.35,13.03,2048370.0,27083721.0,13.03,13.3,13.92,14.15
2022-03-17,600835.XSHG,13.0,13.17,13.37,12.98,2779050.0,36507911.0,13.07,13.43,13.99,14.18
2022-03-16,600835.XSHG,12.84,12.86,12.95,12.32,3118201.0,39473556.0,13.09,13.57,14.06,14.22
2022-03-15,600835.XSHG,13.13,12.6,13.29,12.58,3866267.0,50047593.0,13.17,13.74,14.14,14.27
2022-03-14,600835.XSHG,13.25,13.28,13.65,13.25,2470001.0,33127005.0,13.38,13.92,14.24,14.32
2022-03-11,600835.XSHG,13.09,13.45,13.46,12.81,3634566.0,47681373.0,13.57,14.03,14.3,14.38
2022-03-10,600835.XSHG,13.5,13.24,13.58,13.2,3126927.0,41741566.0,13.78,14.13,14.36,14.45
2022-03-09,600835.XSHG,13.66,13.26,13.74,12.91,4886780.0,64769947.0,14.06,14.24,14.44,14.54
2022-03-08,600835.XSHG,14.18,13.66,14.24,13.63,4499451.0,62350968.0,14.31,14.39,14.51,14.63
2022-03-07,600835.XSHG,14.53,14.24,14.53,14.17,3855196.0,55165689.0,14.46,14.48,14.56,14.7
2022-03-04,600835.XSHG,14.68,14.5,14.68,14.43,2082459.0,30239265.0,14.49,14.53,14.57,14.75
2022-03-03,600835.XSHG,14.49,14.64,14.66,14.46,2835381.0,41366121.0,14.48,14.56,14.56,14.79
2022-03-02,600835.XSHG,14.38,14.49,14.54,14.36,1790306.0,25921588.0,14.43,14.55,14.54,14.82
2022-03-01,600835.XSHG,14.37,14.44,14.48,14.33,2030950.0,29234239.0,14.48,14.55,14.54,14.87
2022-02-28,600835.XSHG,14.4,14.39,14.45,14.28,1406582.0,20162826.0,14.51,14.55,14.53,14.91
2022-02-25,600835.XSHG,14.62,14.46,14.62,14.35,2494663.0,36063099.0,14.58,14.58,14.55,14.96
2022-02-24,600835.XSHG,14.74,14.36,14.77,14.31,3694754.0,53629757.0,14.63,14.6,14.61,15.0
2022-02-23,600835.XSHG,14.6,14.76,15.1,14.6,3502853.0,51874048.0,14.66,14.63,14.68,15.05
2022-02-22,600835.XSHG,14.65,14.57,14.74,14.53,1907217.0,27896006.0,14.62,14.62,14.75,15.08
2022-02-21,600835.XSHG,14.67,14.73,14.75,14.5,2658668.0,38913378.0,14.6,14.63,14.81,15.13
2022-02-18,600835.XSHG,14.55,14.73,14.76,14.46,2433264.0,35614349.0,14.58,14.61,14.86,15.17
2022-02-17,600835.XSHG,14.53,14.53,14.67,14.44,1917541.0,27940067.0,14.56,14.57,14.9,15.2
2022-02-16,600835.XSHG,14.6,14.52,14.74,14.48,2083677.0,30337988.0,14.59,14.53,14.96,15.24
2022-02-15,600835.XSHG,14.62,14.47,14.64,14.39,2061226.0,29897216.0,14.63,14.52,15.03,15.28
2022-02-14,600835.XSHG,14.6,14.63,14.71,14.53,2089666.0,30547177.0,14.67,14.5,15.09,15.31
2022-02-11,600835.XSHG,14.65,14.65,14.98,14.63,2498119.0,36770475.0,14.64,14.53,15.15,15.34
2022-02-10,600835.XSHG,14.72,14.68,14.79,14.57,1946400.0,28581093.0,14.58,14.63,15.21,15.37
2022-02-09,600835.XSHG,14.65,14.73,14.81,14.57,2708669.0,39944382.0,14.47,14.74,15.26,15.4
2022-02-08,600835.XSHG,14.5,14.65,14.65,14.33,2555252.0,37188978.0,14.41,14.87,15.31,15.43
2022-02-07,600835.XSHG,14.3,14.48,14.76,14.12,3859684.0,55911226.0,14.34,14.99,15.38,15.46
2022-01-28,600835.XSHG,14.54,14.35,14.54,14.21,2654800.0,38174480.0,14.42,15.12,15.45,15.49
2022-01-27,600835.XSHG,14.5,14.14,14.55,14.14,2726700.0,38919093.0,14.67,15.24,15.52,15.52
2022-01-26,600835.XSHG,14.36,14.44,14.62,14.36,2326284.0,33694570.0,15.02,15.39,15.6,15.57
2022-01-25,600835.XSHG,14.85,14.28,14.95,14.24,4295450.0,62499775.0,15.33,15.53,15.65,15.6
2022-01-24,600835.XSHG,15.63,14.88,15.63,14.81,6263952.0,94243887.0,15.64,15.68,15.71,15.65
2022-01-21,600835.XSHG,15.84,15.63,15.9,15.52,2851909.0,44602280.0,15.83,15.78,15.74,15.67
2022-01-20,600835.XSHG,16.0,15.85,16.21,15.81,4098313.0,65429455.0,15.8,15.79,15.74,15.67
2022-01-19,600835.XSHG,15.78,16.0,16.02,15.75,4270337.0,68091719.0,15.77,15.77,15.73,15.65
2022-01-18,600835.XSHG,15.83,15.85,15.87,15.66,2466291.0,38895400.0,15.73,15.75,15.72,15.63
2022-01-17,600835.XSHG,15.59,15.8,15.92,15.46,3328300.0,52390181.0,15.72,15.76,15.69,15.6
2022-01-14,600835.XSHG,15.74,15.49,15.8,15.45,2971674.0,46339290.0,15.73,15.78,15.67,15.59
2022-01-13,600835.XSHG,15.87,15.72,15.91,15.67,2938705.0,46389306.0,15.78,15.8,15.67,15.58
2022-01-12,600835.XSHG,15.78,15.8,15.87,15.62,2735817.0,43094106.0,15.78,15.8,15.66,15.56
2022-01-11,600835.XSHG,15.8,15.8,15.97,15.71,2064160.0,32702041.0,15.77,15.78,15.64,15.53
2022-01-10,600835.XSHG,15.74,15.84,15.89,15.68,2239503.0,35354140.0,15.81,15.74,15.63,15.5
2022-01-07,600835.XSHG,15.64,15.74,15.98,15.64,2769757.0,43855236.0,15.82,15.71,15.62,15.47
2022-01-06,600835.XSHG,15.74,15.7,15.79,15.48,3249807.0,50810806.0,15.83,15.69,15.61,15.46
2022-01-05,600835.XSHG,15.99,15.75,15.99,15.75,3084632.0,48845118.0,15.83,15.69,15.59,15.44
2022-01-04,600835.XSHG,15.94,16.0,16.02,15.77,4830031.0,76803775.0,15.79,15.68,15.57,15.43
2021-12-31,600835.XSHG,15.73,15.92,16.0,15.68,3378395.0,53694747.0,15.67,15.62,15.52,15.41
2021-12-30,600835.XSHG,15.7,15.76,15.85,15.68,2416138.0,38100229.0,15.6,15.56,15.49,15.4
2021-12-29,600835.XSHG,15.67,15.7,15.74,15.47,2807872.0,43993109.0,15.56,15.54,15.46,15.39
2021-12-28,600835.XSHG,15.4,15.58,15.67,15.35,2228309.0,34648090.0,15.55,15.52,15.44,15.4
2021-12-27,600835.XSHG,15.57,15.4,15.57,15.34,2074853.0,32019706.67,15.57,15.5,15.41,15.4
2021-12-24,600835.XSHG,15.55,15.55,15.64,15.39,2044166.0,31688972.1,15.57,15.52,15.38,15.41
2021-12-23,600835.XSHG,15.62,15.55,15.66,15.45,1865065.0,28964598.0,15.52,15.53,15.36,15.41
2021-12-22,600835.XSHG,15.76,15.65,15.8,15.59,2182076.0,34192340.53,15.52,15.53,15.34,15.4
2021-12-21,600835.XSHG,15.37,15.71,15.77,15.36,3501229.0,54752622.42,15.49,15.49,15.32,15.4
2021-12-20,600835.XSHG,15.3,15.38,15.59,15.21,3330780.0,51492976.56,15.43,15.46,15.3,15.39
2021-12-17,600835.XSHG,15.52,15.32,15.52,15.2,2493639.0,38264684.61,15.48,15.43,15.3,15.39
2021-12-16,600835.XSHG,15.53,15.52,15.64,15.45,1423292.0,22044940.0,15.54,15.43,15.32,15.39
2021-12-15,600835.XSHG,15.38,15.53,15.62,15.29,2312137.0,35798853.58,15.54,15.39,15.32,15.39
2021-12-14,600835.XSHG,15.62,15.39,15.62,15.32,2393623.0,36887436.74,15.5,15.36,15.35,15.38
2021-12-13,600835.XSHG,15.65,15.62,15.71,15.48,2859586.0,44620081.93,15.48,15.32,15.35,15.37
2021-12-10,600835.XSHG,15.57,15.62,15.63,15.41,3030800.0,47086781.0,15.38,15.24,15.35,15.35
2021-12-09,600835.XSHG,15.31,15.55,15.59,15.28,3593880.0,55630485.67,15.32,15.18,15.35,15.31
2021-12-08,600835.XSHG,15.39,15.3,15.42,15.23,2111301.0,32305495.29,15.25,15.15,15.34,15.26
2021-12-07,600835.XSHG,15.21,15.32,15.36,15.04,2226455.0,33928309.45,15.23,15.14,15.35,15.23
2021-12-06,600835.XSHG,15.22,15.11,15.49,15.1,2465674.0,37691975.58,15.15,15.15,15.35,15.2
2021-12-03,600835.XSHG,15.15,15.3,15.31,15.13,2388083.0,36406651.16,15.09,15.18,15.37,15.19
2021-12-02,600835.XSHG,15.18,15.2,15.35,15.15,1933300.0,29463212.99,15.05,15.22,15.38,15.16
2021-12-01,600835.XSHG,14.99,15.2,15.24,14.9,2068930.0,31306243.91,15.05,15.25,15.39,15.13
2021-11-30,600835.XSHG,14.83,14.95,15.09,14.83,1999700.0,29985202.28,15.06,15.33,15.39,15.11
2021-11-29,600835.XSHG,15.05,14.8,15.06,14.72,2855669.0,42453475.63,15.15,15.38,15.4,15.1
2021-11-26,600835.XSHG,15.2,15.1,15.29,15.06,2305024.0,34866084.6,15.26,15.46,15.41,15.09
2021-11-25,600835.XSHG,15.24,15.22,15.37,15.13,1498589.0,22831009.97,15.38,15.51,15.38,15.08
2021-11-24,600835.XSHG,15.4,15.23,15.4,15.11,2494627.0,37994590.51,15.44,15.53,15.32,15.07
2021-11-23,600835.XSHG,15.28,15.4,15.52,15.21,2392908.0,36879084.44,15.6,15.56,15.27,15.07
2021-11-22,600835.XSHG,15.65,15.36,15.74,15.36,3010250.0,46632702.0,15.61,15.56,15.23,15.05
2021-11-19,600835.XSHG,15.55,15.71,15.75,15.4,2666389.0,41543092.28,15.67,15.56,15.19,15.05
2021-11-18,600835.XSHG,16.03,15.52,16.08,15.5,4688133.0,73734772.82,15.63,15.53,15.13,15.02
2021-11-17,600835.XSHG,15.42,16.03,16.05,15.35,6910775.0,109588931.36,15.62,15.52,15.07,15.0
2021-11-16,600835.XSHG,15.65,15.42,15.69,15.36,3418038.0,52883043.02,15.51,15.44,15.0,14.97
2021-11-15,600835.XSHG,15.6,15.65,15.83,15.5,4144210.0,64976754.75,15.51,15.42,14.96,14.96
2021-11-12,600835.XSHG,15.44,15.55,15.6,15.35,2755408.0,42722055.08,15.46,15.35,14.91,14.94
2021-11-11,600835.XSHG,15.47,15.44,15.53,15.34,2766590.0,42731559.77,15.43,15.24,14.87,14.93
2021-11-10,600835.XSHG,15.5,15.47,15.52,15.24,3912026.0,60155212.77,15.43,15.11,14.84,14.93
2021-11-09,600835.XSHG,15.39,15.44,15.53,15.32,3485245.0,53816660.18,15.38,14.99,14.82,14.92
2021-11-08,600835.XSHG,15.39,15.41,15.5,15.2,2207710.0,33891141.23,15.33,14.9,14.8,14.91
2021-11-05,600835.XSHG,15.31,15.4,15.55,15.25,2953458.0,45445666.62,15.24,14.82,14.79,14.92
2021-11-04,600835.XSHG,15.25,15.41,15.45,15.15,3229921.0,49577974.67,15.06,14.73,14.77,14.93
2021-11-03,600835.XSHG,15.15,15.25,15.33,15.01,2882127.0,43956263.34,14.8,14.62,14.74,14.93
2021-11-02,600835.XSHG,15.06,15.17,15.28,14.83,4828120.0,73159218.15,14.6,14.56,14.73,14.97
2021-11-01,600835.XSHG,14.42,14.96,15.05,14.36,4084901.0,60757671.82,14.47,14.51,14.73,15.0
2021-10-29,600835.XSHG,14.18,14.49,14.6,14.13,2971873.0,42876434.28,14.4,14.46,14.73,15.03
2021-10-28,600835.XSHG,14.11,14.11,14.25,13.91,2865106.0,40174149.14,14.4,14.5,14.77,15.09
2021-10-27,600835.XSHG,14.55,14.25,14.65,14.18,2443501.0,35113630.19,14.45,14.58,14.84,15.16
2021-10-26,600835.XSHG,14.61,14.53,14.64,14.5,1558298.0,22698500.94,14.52,14.65,14.88,15.21
2021-10-25,600835.XSHG,14.5,14.61,14.62,14.39,1811589.0,26237411.6,14.55,14.7,14.92,15.26
2021-10-22,600835.XSHG,14.36,14.5,14.54,14.33,1966962.0,28455478.69,14.53,14.76,14.96,15.32
2021-10-21,600835.XSHG,14.61,14.35,14.66,14.35,3020561.0,43732667.11,14.59,14.81,15.03,15.36
2021-10-20,600835.XSHG,14.66,14.61,14.8,14.6,2070505.0,30319469.0,14.7,14.86,15.09,15.4
2021-10-19,600835.XSHG,14.54,14.68,14.73,14.32,2982838.0,43332107.0,14.79,14.9,15.18,15.42
2021-10-18,600835.XSHG,14.87,14.52,14.87,14.52,3085303.0,44947409.0,14.86,14.94,15.24,15.43
2021-10-15,600835.XSHG,14.95,14.8,15.09,14.73,3187881.0,47438388.0,14.98,14.99,15.32,15.46
2021-10-14,600835.XSHG,15.03,14.9,15.13,14.86,1814100.0,27028441.0,15.03,15.05,15.38,15.49
2021-10-13,600835.XSHG,15.03,15.04,15.08,14.91,1511018.0,22706882.28,15.03,15.11,15.45,15.51
2021-10-12,600835.XSHG,15.06,15.03,15.15,14.97,2404871.0,36228001.21,15.02,15.12,15.49,15.53
2021-10-11,600835.XSHG,15.14,15.13,15.16,15.01,2158919.0,32545969.21,15.03,15.14,15.54,15.55
2021-10-08,600835.XSHG,14.91,15.05,15.2,14.89,3128308.0,47175372.72,15.01,15.17,15.6,15.58
2021-09-30,600835.XSHG,15.0,14.88,15.1,14.72,2811703.0,41693796.12,15.07,15.24,15.64,15.6
2021-09-29,600835.XSHG,15.01,14.99,15.06,14.86,2547224.0,38047751.19,15.19,15.32,15.67,15.64
2021-09-28,600835.XSHG,15.04,15.1,15.17,14.89,2263165.0,34058913.18,15.21,15.45,15.67,15.67
2021-09-27,600835.XSHG,15.31,15.01,15.32,14.92,3867950.0,58089451.46,15.25,15.54,15.68,15.71
2021-09-24,600835.XSHG,15.52,15.35,15.64,15.32,3026322.0,46667695.8,15.34,15.64,15.7,15.74
2021-09-23,600835.XSHG,15.16,15.52,15.57,15.05,4527571.0,69892823.65,15.41,15.72,15.71,15.76
2021-09-22,600835.XSHG,15.18,15.09,15.21,14.99,3768700.0,56878858.06,15.44,15.78,15.71,15.77
2021-09-17,600835.XSHG,15.39,15.28,15.43,15.09,3398286.0,51768465.55,15.69,15.87,15.73,15.79
2021-09-16,600835.XSHG,15.76,15.47,15.83,15.36,4025574.0,62644698.76,15.82,15.94,15.76,15.79
2021-09-15,600835.XSHG,15.69,15.71,15.77,15.6,3560027.0,55784374.09,15.94,16.02,15.78,15.79
2021-09-14,600835.XSHG,16.33,15.64,16.34,15.6,9101781.0,144881931.09,16.02,16.03,15.78,15.78
2021-09-13,600835.XSHG,15.98,16.34,16.67,15.78,9975147.0,162609241.91,16.13,16.03,15.8,15.77
2021-09-10,600835.XSHG,15.99,15.95,16.13,15.81,4665175.0,74376940.34,16.06,15.9,15.78,15.73
2021-09-09,600835.XSHG,16.19,16.04,16.19,15.94,5049590.0,80980459.65,16.05,15.82,15.79,15.68
2021-09-08,600835.XSHG,16.15,16.14,16.34,16.03,5191233.0,83722423.82,16.1,15.75,15.79,15.62
2021-09-07,600835.XSHG,15.95,16.19,16.2,15.88,6539386.0,105166146.56,16.04,15.69,15.78,15.55
2021-09-06,600835.XSHG,15.84,15.96,16.0,15.81,5885491.0,93598098.48,15.92,15.64,15.76,15.48
2021-09-03,600835.XSHG,16.39,15.93,16.4,15.81,8590793.0,137468976.28,15.74,15.6,15.74,15.43
2021-09-02,600835.XSHG,15.81,16.29,16.51,15.8,12523065.0,203852070.82,15.6,15.58,15.72,15.39
2021-09-01,600835.XSHG,15.72,15.83,16.15,15.68,8922148.0,141819706.56,15.4,15.54,15.68,15.35
2021-08-31,600835.XSHG,15.04,15.61,15.64,14.98,5400770.0,83006405.39,15.35,15.54,15.65,15.32
2021-08-30,600835.XSHG,15.26,15.04,15.37,14.94,4003740.0,60433699.48,15.36,15.56,15.64,15.31
2021-08-27,600835.XSHG,15.3,15.22,15.36,15.09,3062572.0,46547473.08,15.45,15.66,15.65,15.31
2021-08-26,600835.XSHG,15.55,15.3,15.76,15.29,4846950.0,75072978.49,15.57,15.76,15.61,15.31
2021-08-25,600835.XSHG,15.59,15.58,15.62,15.15,4815868.0,74317059.37,15.69,15.83,15.55,15.31
2021-08-24,600835.XSHG,15.5,15.67,16.17,15.5,6829980.0,107962885.32,15.73,15.87,15.47,15.3
2021-08-23,600835.XSHG,15.7,15.5,15.85,15.42,7250427.0,112550999.15,15.76,15.88,15.4,15.29
2021-08-20,600835.XSHG,15.79,15.79,15.83,15.44,3972987.0,62087380.11,15.86,15.89,15.34,15.29
2021-08-19,600835.XSHG,15.8,15.89,16.1,15.62,4206479.0,66811819.66,15.95,15.86,15.29,15.28
2021-08-18,600835.XSHG,15.75,15.79,15.91,15.61,2951369.0,46484688.12,15.97,15.81,15.25,15.26
2021-08-17,600835.XSHG,15.9,15.84,16.28,15.77,4383687.0,70075935.07,16.01,15.76,15.21,15.24
2021-08-16,600835.XSHG,16.13,15.98,16.22,15.72,4819948.0,76977781.1,15.99,15.72,15.18,15.22
2021-08-13,600835.XSHG,16.0,16.25,16.3,15.96,6252808.0,101124374.85,15.93,15.64,15.13,15.21
2021-08-12,600835.XSHG,16.0,16.0,16.19,15.9,4590360.0,73490837.37,15.76,15.46,15.09,15.2
2021-08-11,600835.XSHG,15.75,15.99,16.07,15.7,4775356.0,75984733.66,15.65,15.27,15.05,15.19
2021-08-10,600835.XSHG,15.65,15.74,15.81,15.55,3703527.0,58123874.89,15.52,15.07,15.01,15.19
2021-08-09,600835.XSHG,15.58,15.65,15.76,15.43,3977263.0,62053299.08,15.44,14.93,15.0,15.2
2021-08-06,600835.XSHG,15.48,15.42,15.62,15.22,3318073.0,50955589.25,15.35,14.79,14.99,15.22
2021-08-05,600835.XSHG,15.26,15.47,15.56,15.26,4331705.0,67022828.04,15.16,14.72,14.98,15.24
2021-08-04,600835.XSHG,15.37,15.3,15.65,15.21,5282590.0,81258971.02,14.88,14.68,14.98,15.26
2021-08-03,600835.XSHG,15.11,15.37,15.44,15.01,6996110.0,107154028.66,14.63,14.66,14.98,15.29
2021-08-02,600835.XSHG,14.5,15.17,15.18,14.25,7931975.0,118424835.78,14.42,14.64,14.97,15.32
2021-07-30,600835.XSHG,14.12,14.47,14.56,13.88,4624188.0,66080933.39,14.23,14.62,15.0,15.35
2021-07-29,600835.XSHG,14.04,14.1,14.25,14.04,3353901.0,47409914.63,14.28,14.72,15.07,15.4
2021-07-28,600835.XSHG,14.17,14.04,14.42,13.88,5525209.0,78190970.04,14.48,14.83,15.15,15.46
2021-07-27,600835.XSHG,14.26,14.3,14.5,14.16,4710115.0,67658174.6,14.68,14.96,15.24,15.52
2021-07-26,600835.XSHG,14.68,14.23,14.68,14.11,5680953.0,81024459.73,14.86,15.07,15.33,15.57
2021-07-23,600835.XSHG,15.09,14.73,15.1,14.62,5704330.0,84357274.03,15.02,15.2,15.43,15.65
2021-07-22,600835.XSHG,15.07,15.09,15.19,15.01,2837599.0,42844196.74,15.17,15.25,15.5,15.72
2021-07-21,600835.XSHG,15.1,15.07,15.38,15.06,3687696.0,55877668.68,15.19,15.29,15.55,15.78
2021-07-20,600835.XSHG,14.98,15.16,15.22,14.83,4123309.0,62123548.88,15.23,15.31,15.61,15.84
2021-07-19,600835.XSHG,15.31,15.05,15.35,14.83,5074586.0,76155844.83,15.28,15.31,15.66,15.89
2021-07-16,600835.XSHG,15.28,15.48,15.58,15.09,6397424.0,98374836.31,15.38,15.38,15.71,15.95
2021-07-15,600835.XSHG,15.38,15.19,15.75,15.11,6619948.0,101577960.03,15.33,15.41,15.74,16.0
2021-07-14,600835.XSHG,15.52,15.25,15.53,15.17,4052831.0,61833704.43,15.38,15.47,15.77,16.06
2021-07-13,600835.XSHG,15.42,15.45,15.52,15.22,4784368.0,73295705.93,15.39,15.53,15.8,16.13
2021-07-12,600835.XSHG,15.3,15.51,15.56,15.15,4647884.0,71858841.7,15.33,15.59,15.82,16.2
2021-07-09,600835.XSHG,15.4,15.27,15.49,15.2,4091844.0,62592337.04,15.37,15.66,15.88,16.28
2021-07-08,600835.XSHG,15.36,15.42,15.67,15.3,5329939.0,82449753.35,15.48,15.75,15.96,16.36
2021-07-07,600835.XSHG,15.11,15.29,15.31,14.95,4574409.0,69455893.94,15.57,15.82,16.02,16.44
2021-07-06,600835.XSHG,15.7,15.16,15.7,15.0,8028613.0,121779349.79,15.68,15.92,16.1,16.52
2021-07-05,600835.XSHG,15.78,15.73,16.02,15.69,2646907.0,41840673.6,15.86,16.02,16.18,16.6
2021-07-02,600835.XSHG,15.74,15.79,15.86,15.66,3125313.0,49212624.19,15.95,16.04,16.24,16.65
2021-07-01,600835.XSHG,15.93,15.86,16.03,15.84,2832557.0,45126107.2,16.03,16.07,16.3,16.71
2021-06-30,600835.XSHG,16.04,15.85,16.04,15.75,3043961.0,48237511.42,16.07,16.06,16.36,16.77
2021-06-29,600835.XSHG,16.18,16.06,16.18,15.92,2975996.0,47640495.64,16.15,16.07,16.43,16.83
2021-06-28,600835.XSHG,16.17,16.2,16.37,16.14,2989788.0,48562483.54,16.18,16.04,16.5,16.88
2021-06-25,600835.XSHG,16.04,16.17,16.22,15.98,3984923.0,64109445.53,16.12,16.1,16.58,16.93
2021-06-24,600835.XSHG,16.27,16.09,16.29,16.01,3054784.0,49253246.77,16.11,16.16,16.67,16.96
2021-06-23,600835.XSHG,16.23,16.24,16.38,16.04,2605629.0,42249544.4,16.05,16.23,16.75,17.01
2021-06-22,600835.XSHG,16.04,16.19,16.36,15.91,5645483.0,91369206.67,15.98,16.29,16.82,17.06
2021-06-21,600835.XSHG,16.07,15.92,16.07,15.82,3392468.0,54099188.95,15.9,16.35,16.89,17.12
2021-06-18,600835.XSHG,15.8,16.11,16.18,15.68,4112078.0,66039885.87,16.07,16.44,16.96,17.2
2021-06-17,600835.XSHG,15.92,15.77,16.0,15.66,3402080.0,53726903.48,16.22,16.54,17.04,17.27
2021-06-16,600835.XSHG,15.68,15.92,16.08,15.58,4187463.0,66580132.13,16.41,16.66,17.13,17.35
2021-06-15,600835.XSHG,16.79,15.78,16.88,15.62,11255695.0,180605173.72,16.59,16.8,17.21,17.42
2021-06-11,600835.XSHG,16.84,16.79,16.93,16.76,4498136.0,75710902.39,16.79,16.95,17.3,17.49
2021-06-10,600835.XSHG,16.74,16.84,16.86,16.73,3845261.0,64624082.08,16.82,17.07,17.34,17.53
2021-06-09,600835.XSHG,16.83,16.73,16.86,16.69,3767931.0,63127885.85,16.85,17.17,17.36,17.58
2021-06-08,600835.XSHG,16.95,16.82,16.95,16.75,4861933.0,81745889.81,16.9,17.27,17.4,17.64
2021-06-07,600835.XSHG,16.83,16.79,17.02,16.71,4631789.0,77649460.9,17.0,17.36,17.45,17.69
2021-06-04,600835.XSHG,16.91,16.9,17.02,16.8,4967915.0,83765520.11,17.11,17.43,17.51,17.73
2021-06-03,600835.XSHG,17.13,17.03,17.24,16.9,4545940.0,77536447.55,17.32,17.48,17.58,17.79
2021-06-02,600835.XSHG,17.32,16.97,17.34,16.91,7135524.0,121807353.38,17.49,17.53,17.64,17.83
2021-06-01,600835.XSHG,17.43,17.32,17.43,17.19,4577265.0,79154460.14,17.64,17.6,17.7,17.86
2021-05-31,600835.XSHG,17.75,17.35,17.75,16.68,11699355.0,201292021.42,17.72,17.63,17.73,17.89
2021-05-28,600835.XSHG,17.87,17.92,18.12,17.83,5961227.0,107183722.5,17.74,17.66,17.76,17.92
2021-05-27,600835.XSHG,17.7,17.87,17.96,17.65,4921440.0,87894256.58,17.63,17.62,17.76,17.92
2021-05-26,600835.XSHG,17.75,17.74,17.82,17.66,3965733.0,70326237.3,17.58,17.56,17.78,17.92
2021-05-25,600835.XSHG,17.46,17.73,17.79,17.27,6061266.0,106805719.6,17.57,17.54,17.83,17.93
2021-05-24,600835.XSHG,17.28,17.46,17.51,17.27,2572503.0,44840870.56,17.54,17.54,17.85,17.95
2021-05-21,600835.XSHG,17.61,17.37,17.64,17.27,5012470.0,87270006.81,17.57,17.59,17.88,18.0
2021-05-20,600835.XSHG,17.68,17.61,17.8,17.52,3528735.0,62093345.15,17.61,17.68,17.94,18.06
2021-05-19,600835.XSHG,17.61,17.68,17.7,17.46,3908141.0,68680451.57,17.53,17.75,17.97,18.12
2021-05-18,600835.XSHG,17.79,17.57,17.79,17.47,3305925.0,57984491.78,17.51,17.79,17.99,18.15
2021-05-17,600835.XSHG,17.56,17.61,17.75,17.44,7040170.0,123965636.14,17.55,17.83,18.02,18.2
2021-05-14,600835.XSHG,17.18,17.59,17.6,17.18,7239252.0,126004899.63,17.61,17.87,18.05,18.24
2021-05-13,600835.XSHG,17.43,17.19,17.48,17.19,7182019.0,124174228.26,17.74,17.9,18.07,18.31
2021-05-12,600835.XSHG,17.82,17.57,17.82,17.31,8037544.0,140385620.31,17.98,18.0,18.1,18.38
2021-05-11,600835.XSHG,17.75,17.78,17.98,17.22,10374878.0,181898709.87,18.08,18.12,18.12,18.44
2021-05-10,600835.XSHG,18.14,17.92,18.24,17.59,7637894.0,136719015.48,18.11,18.16,18.16,18.51
2021-05-07,600835.XSHG,18.34,18.24,18.63,18.09,8718258.0,160048420.6,18.12,18.18,18.21,18.53
2021-05-06,600835.XSHG,18.01,18.39,18.53,17.85,7085081.0,129343937.56,18.05,18.21,18.25,18.55
2021-04-30,600835.XSHG,18.02,18.09,18.24,17.91,6232271.0,112615405.62,18.02,18.19,18.3,18.5
2021-04-29,600835.XSHG,18.22,17.93,18.23,17.85,6955452.0,125361070.7,18.15,18.19,18.33,18.47
2021-04-28,600835.XSHG,17.85,17.97,18.02,17.7,5338940.0,95381297.6,18.21,18.21,18.38,18.49
2021-04-27,600835.XSHG,18.14,17.88,18.24,17.71,7481140.0,133813738.7,18.23,18.23,18.42,18.51
2021-04-26,600835.XSHG,18.95,18.24,18.95,18.14,9847424.0,182732821.75,18.37,18.25,18.51,18.51
2021-04-23,600835.XSHG,18.34,18.75,19.17,18.34,14783160.0,277921904.23,18.36,18.2,18.57,18.5
2021-04-22,600835.XSHG,18.09,18.19,18.79,18.04,8203373.0,150538105.88,18.23,18.12,18.6,18.46
2021-04-21,600835.XSHG,17.56,18.08,18.3,17.56,9809090.0,177184980.48,18.22,18.16,18.68,18.44
2021-04-20,600835.XSHG,18.37,18.59,19.12,18.37,14026359.0,263612591.61,18.23,18.24,18.71,18.43
2021-04-19,600835.XSHG,18.22,18.19,18.22,17.9,7955401.0,144061723.43,18.13,18.29,18.71,18.43
2021-04-16,600835.XSHG,18.03,18.11,18.22,17.91,4333825.0,78273898.91,18.04,18.41,18.65,18.45
2021-04-15,600835.XSHG,18.14,18.12,18.25,17.7,4627211.0,83047338.81,18.01,18.47,18.61,18.47
2021-04-14,600835.XSHG,18.0,18.15,18.19,17.91,4402091.0,79563513.8,18.11,18.54,18.63,18.49
2021-04-13,600835.XSHG,17.75,18.07,18.08,17.66,4919390.0,87979969.98,18.25,18.62,18.65,18.5
2021-04-12,600835.XSHG,18.31,17.77,18.31,17.67,5293425.0,94913246.22,18.44,18.78,18.64,18.5
2021-04-09,600835.XSHG,18.68,17.95,18.68,17.83,8344600.0,150560800.56,18.77,18.95,18.65,18.51
2021-04-08,600835.XSHG,18.8,18.59,18.81,18.56,7110029.0,132595117.52,18.93,19.07,18.63,18.52
2021-04-07,600835.XSHG,18.95,18.87,19.02,18.58,7927128.0,148442088.0,18.98,19.2,18.58,18.51
2021-04-06,600835.XSHG,19.48,19.03,19.49,18.95,8843793.0,169091003.28,18.99,19.18,18.52,18.5
2021-04-02,600835.XSHG,18.84,19.4,19.49,18.65,13228512.0,253079599.06,19.11,19.14,18.5,18.47
2021-04-01,600835.XSHG,18.84,18.77,18.99,18.53,6638415.0,124149331.79,19.13,18.89,18.47,18.45
2021-03-31,600835.XSHG,18.82,18.82,18.91,18.54,7583176.0,141983301.03,19.21,18.75,18.47,18.44
2021-03-30,600835.XSHG,19.48,18.91,19.49,18.82,11000833.0,209716433.15,19.42,18.72,18.47,18.42
2021-03-29,600835.XSHG,19.4,19.65,19.7,19.04,12319629.0,237952776.44,19.38,18.68,18.44,18.39
2021-03-26,600835.XSHG,19.21,19.48,19.69,19.07,13209648.0,256386565.78,19.17,18.51,18.37,18.34
2021-03-25,600835.XSHG,19.43,19.18,19.43,18.78,15045189.0,287892035.55,18.65,18.34,18.28,18.27
2021-03-24,600835.XSHG,18.87,19.89,20.58,18.87,27160110.0,544717360.99,18.29,18.2,18.24,18.21
2021-03-23,600835.XSHG,18.59,18.71,19.18,18.5,19719365.0,371061854.54,18.02,17.95,18.16,18.13
2021-03-22,600835.XSHG,17.17,18.59,18.59,17.17,15070774.0,274220754.49,17.97,17.86,18.15,18.11
2021-03-19,600835.XSHG,17.17,16.9,17.34,16.89,6356035.0,108413732.96,17.85,17.85,18.14,18.1
2021-03-18,600835.XSHG,18.12,17.35,18.12,17.21,12382690.0,216125269.11,18.04,18.04,18.23,18.15
2021-03-17,600835.XSHG,18.42,18.53,18.68,18.25,4261525.0,78534299.24,18.1,18.18,18.29,18.19
2021-03-16,600835.XSHG,18.05,18.47,18.47,18.01,4325871.0,78897778.68,17.89,18.22,18.27,18.23
2021-03-15,600835.XSHG,17.75,18.02,18.1,17.61,3369139.0,60357416.59,17.75,18.21,18.25,18.3
2021-03-12,600835.XSHG,17.62,17.81,17.85,17.37,3645884.0,64229284.74,17.85,18.22,18.25,18.43
2021-03-11,600835.XSHG,17.38,17.68,17.68,17.36,2906513.0,51073733.26,18.05,18.23,18.23,18.55
2021-03-10,600835.XSHG,17.96,17.45,18.06,17.44,3667808.0,64729814.69,18.26,18.29,18.22,18.68
2021-03-09,600835.XSHG,18.45,17.77,18.51,17.74,7011197.0,126820880.87,18.56,18.37,18.22,18.83
2021-03-08,600835.XSHG,18.97,18.53,19.15,18.45,5492385.0,103129630.76,18.67,18.45,18.23,18.94
2021-03-05,600835.XSHG,18.81,18.82,19.21,18.65,5540839.0,104750396.54,18.59,18.43,18.23,19.01
2021-03-04,600835.XSHG,18.81,18.75,19.01,18.56,5124696.0,96115798.42,18.4,18.42,18.21,19.06
2021-03-03,600835.XSHG,18.43,18.91,18.94,18.39,7192505.0,135209389.29,18.33,18.4,18.2,19.14
2021-03-02,600835.XSHG,18.15,18.35,18.42,18.09,4277575.0,78094817.52,18.18,18.32,18.23,19.19
2021-03-01,600835.XSHG,17.85,18.13,18.21,17.81,3591982.0,64554848.66,18.23,18.3,18.34,19.29
2021-02-26,600835.XSHG,17.73,17.86,18.05,17.62,4402394.0,78732308.66,18.26,18.29,18.53,19.36
2021-02-25,600835.XSHG,18.24,18.38,18.48,18.15,3925817.0,71912234.62,18.44,18.23,18.71,19.45
2021-02-24,600835.XSHG,18.59,18.19,18.59,18.0,5168783.0,94541672.93,18.48,18.14,18.87,19.54
2021-02-23,600835.XSHG,18.23,18.59,18.67,18.18,5094938.0,94219685.0,18.45,18.08,19.06,19.62
2021-02-22,600835.XSHG,18.73,18.28,18.9,18.25,7437365.0,138191940.67,18.37,18.01,19.18,19.69
2021-02-19,600835.XSHG,18.57,18.75,18.79,18.34,5353438.0,99480001.79,18.31,18.03,19.3,19.74
2021-02-18,600835.XSHG,18.43,18.57,18.73,18.23,6701208.0,124112645.65,18.02,17.99,19.38,19.75
2021-02-10,600835.XSHG,18.14,18.07,18.24,17.9,4664709.0,84177364.85,17.8,18.0,19.51,19.76
2021-02-09,600835.XSHG,18.17,18.18,18.24,17.8,4980144.0,89799043.2,17.7,18.14,19.63,19.79
2021-02-08,600835.XSHG,17.42,18.0,18.2,17.42,5965639.0,106743718.37,17.65,18.38,19.79,19.81
2021-02-05,600835.XSHG,17.47,17.3,17.86,17.26,4805719.0,84301986.11,17.74,18.78,19.89,19.86
2021-02-04,600835.XSHG,17.46,17.46,17.98,17.13,7017020.0,122691525.09,17.96,19.18,20.06,19.95
2021-02-03,600835.XSHG,17.87,17.57,17.9,17.56,5318362.0,94099564.51,18.19,19.6,20.24,20.03
2021-02-02,600835.XSHG,18.52,17.94,18.56,17.51,9675353.0,172958957.94,18.58,20.03,20.39,20.09
2021-02-01,600835.XSHG,18.42,18.43,18.64,18.09,5325314.0,97953117.29,19.11,20.35,20.52,20.15
2021-01-29,600835.XSHG,18.63,18.4,18.91,18.14,7394008.0,137048213.73,19.82,20.58,20.6,20.16
2021-01-28,600835.XSHG,19.27,18.63,19.27,18.59,9428704.0,177539316.49,20.4,20.77,20.63,20.17
2021-01-27,600835.XSHG,20.54,19.49,20.67,19.21,14255859.0,280458131.9,21.0,21.02,20.64,20.17
2021-01-26,600835.XSHG,21.89,20.58,21.93,20.55,13218269.0,277965090.57,21.49,21.12,20.61,20.16
2021-01-25,600835.XSHG,21.51,22.02,22.32,21.46,13013648.0,286424068.62,21.59,21.19,20.52,20.08
2021-01-22,600835.XSHG,21.5,21.3,22.09,21.1,11406960.0,245667039.76,21.33,21.0,20.4,19.97
2021-01-21,600835.XSHG,21.8,21.6,21.81,21.41,10312924.0,222638296.73,21.14,20.94,20.33,19.88
2021-01-20,600835.XSHG,21.18,21.95,21.95,21.1,13027578.0,282287017.6,21.03,20.89,20.24,19.79
2021-01-19,600835.XSHG,20.73,21.06,21.21,20.39,9276526.0,193852325.67,20.76,20.75,20.12,19.69
2021-01-18,600835.XSHG,20.45,20.76,21.34,20.41,9310093.0,194844562.14,20.8,20.7,20.05,19.62
2021-01-15,600835.XSHG,20.82,20.31,21.0,20.03,10464391.0,213948012.71,20.66,20.62,19.95,19.59
2021-01-14,600835.XSHG,20.45,21.09,21.56,20.43,10717692.0,225938984.43,20.75,20.49,19.87,19.55
2021-01-13,600835.XSHG,20.99,20.57,21.27,20.4,10189574.0,211451706.53,20.74,20.27,19.75,19.51
2021-01-12,600835.XSHG,20.06,21.25,21.25,20.06,11296784.0,235813647.45,20.74,20.1,19.67,19.47
2021-01-11,600835.XSHG,20.27,20.1,20.6,19.75,8868352.0,178677570.82,20.6,19.85,19.53,19.4
2021-01-08,600835.XSHG,20.82,20.72,21.75,20.19,12563281.0,261810680.53,20.57,19.81,19.46,19.38
2021-01-07,600835.XSHG,20.6,21.05,21.16,20.2,10401381.0,215314872.61,20.23,19.71,19.35,19.34
2021-01-06,600835.XSHG,20.47,20.57,20.6,20.14,6955759.0,141916761.3,19.8,19.6,19.24,19.3
2021-01-05,600835.XSHG,19.95,20.58,20.81,19.85,11022322.0,226017531.11,19.46,19.5,19.16,19.28
2021-01-04,600835.XSHG,18.98,19.95,20.29,18.98,12022711.0,239595810.12,19.1,19.4,19.08,19.27
2020-12-31,600835.XSHG,19.05,18.98,19.17,18.68,5053374.0,95521942.0,19.04,19.28,19.07,19.29
2020-12-30,600835.XSHG,18.82,18.91,19.06,18.44,4645479.0,87380307.69,19.2,19.26,19.09,19.35
2020-12-29,600835.XSHG,18.76,18.87,19.2,18.69,4656751.0,87975159.53,19.4,19.24,19.13,19.4
2020-12-28,600835.XSHG,19.8,18.77,19.85,18.67,9701343.0,184762519.14,19.54,19.24,19.15,19.49
2020-12-25,600835.XSHG,19.8,19.69,20.1,19.55,5436619.0,107478407.61,19.71,19.21,19.17,19.62
2020-12-24,600835.XSHG,19.9,19.76,19.96,19.51,5115165.0,100803048.27,19.51,19.1,19.16,19.71
2020-12-23,600835.XSHG,19.51,19.9,20.29,19.51,9364373.0,186001713.31,19.31,19.0,19.15,19.79
2020-12-22,600835.XSHG,19.57,19.57,19.96,19.44,8768500.0,172705309.17,19.07,18.88,19.15,19.86
2020-12-21,600835.XSHG,18.87,19.63,19.85,18.87,9795957.0,191449895.12,18.95,18.81,19.17,19.97
2020-12-18,600835.XSHG,18.76,18.69,18.95,18.63,3782548.0,71019645.76,18.71,18.76,19.2,20.0
2020-12-17,600835.XSHG,18.92,18.76,19.24,18.69,7366488.0,139446655.36,18.7,18.87,19.3,20.03
2020-12-16,600835.XSHG,19.0,18.72,19.28,18.58,4196756.0,78965829.01,18.68,18.92,19.4,20.07
2020-12-15,600835.XSHG,18.37,18.95,18.99,18.32,4717775.0,88690690.69,18.69,19.02,19.48,20.1
2020-12-14,600835.XSHG,18.32,18.42,18.46,17.85,4363886.0,79402188.31,18.68,19.06,19.61,20.12
2020-12-11,600835.XSHG,18.75,18.63,18.82,18.07,6267182.0,115131813.98,18.81,19.14,19.83,20.16
2020-12-10,600835.XSHG,18.67,18.7,18.91,18.64,2829842.0,53077672.74,19.04,19.22,20.01,20.15
2020-12-09,600835.XSHG,19.03,18.73,19.3,18.68,4433154.0,83967408.74,19.16,19.3,20.18,20.15
2020-12-08,600835.XSHG,19.06,18.9,19.2,18.82,4515598.0,85566755.69,19.36,19.41,20.35,20.15
2020-12-07,600835.XSHG,19.62,19.11,19.87,19.1,5675428.0,109479661.09,19.45,19.53,20.54,20.14
2020-12-04,600835.XSHG,19.17,19.75,19.79,19.17,4425240.0,86402083.48,19.46,19.64,20.62,20.12
2020-12-03,600835.XSHG,19.66,19.32,19.73,19.16,5440103.0,105330853.41,19.4,19.74,20.62,20.04
2020-12-02,600835.XSHG,19.32,19.74,19.87,19.2,7290354.0,142993603.18,19.45,19.87,20.64,19.99
2020-12-01,600835.XSHG,19.21,19.31,19.65,19.07,6265215.0,121304944.18,19.46,19.94,20.64,19.91
2020-11-30,600835.XSHG,19.45,19.17,19.86,19.12,7213345.0,140311701.21,19.62,20.15,20.66,19.86
2020-11-27,600835.XSHG,19.69,19.44,19.69,19.1,5005744.0,96893367.83,19.82,20.53,20.67,19.81
2020-11-26,600835.XSHG,19.86,19.57,20.02,19.42,4671630.0,91833060.11,20.08,20.8,20.62,19.76
2020-11-25,600835.XSHG,20.12,19.81,20.26,19.75,5740113.0,114584726.23,20.29,21.06,20.57,19.71
2020-11-24,600835.XSHG,20.19,20.09,20.42,19.81,6297329.0,126788641.72,20.42,21.29,20.52,19.65
2020-11-23,600835.XSHG,20.68,20.19,20.68,20.05,9733301.0,197758032.66,20.69,21.55,20.45,19.58
2020-11-20,600835.XSHG,20.56,20.72,20.82,20.39,5451387.0,112255232.96,21.23,21.6,20.37,19.51
2020-11-19,600835.XSHG,20.47,20.64,20.78,20.23,7361710.0,151140052.21,21.52,21.5,20.2,19.39
2020-11-18,600835.XSHG,21.43,20.47,21.7,20.3,17530763.0,363609772.06,21.82,21.41,20.05,19.24
2020-11-17,600835.XSHG,22.43,21.42,22.63,21.23,14210949.0,309557765.57,22.16,21.34,19.9,19.1
2020-11-16,600835.XSHG,22.19,22.92,23.18,21.95,11045983.0,249519723.03,22.42,21.16,19.71,18.92
2020-11-13,600835.XSHG,21.97,22.15,22.53,21.82,8969004.0,198816131.17,21.96,20.8,19.45,18.69
2020-11-12,600835.XSHG,22.38,22.15,22.43,21.72,10486223.0,231497160.03,21.48,20.43,19.24,18.49
2020-11-11,600835.XSHG,22.97,22.14,23.11,22.05,16119767.0,363672432.51,21.01,20.09,19.04,18.29
2020-11-10,600835.XSHG,20.68,22.72,22.72,20.48,20794080.0,457304655.28,20.52,19.75,18.83,18.09
2020-11-09,600835.XSHG,19.9,20.65,20.92,19.81,12426194.0,255464323.48,19.91,19.34,18.59,17.88
2020-11-06,600835.XSHG,19.76,19.75,20.02,19.51,6504476.0,128352620.49,19.65,19.13,18.46,17.74
2020-11-05,600835.XSHG,19.7,19.77,20.07,19.56,7119282.0,140521471.3,19.38,18.89,18.33,17.62
2020-11-04,600835.XSHG,19.69,19.69,19.95,19.47,5716209.0,112301846.5,19.17,18.68,18.15,17.49
2020-11-03,600835.XSHG,19.51,19.67,19.98,19.13,8415479.0,164727273.81,18.99,18.46,17.98,17.35
2020-11-02,600835.XSHG,18.41,19.36,19.68,18.41,10049724.0,193054419.83,18.77,18.26,17.8,17.22
2020-10-30,600835.XSHG,18.85,18.42,19.0,18.3,4828856.0,90114522.56,18.62,18.1,17.64,17.1
2020-10-29,600835.XSHG,18.42,18.7,18.91,18.36,5357517.0,99830799.0,18.4,18.06,17.52,16.99
2020-10-28,600835.XSHG,18.53,18.8,19.21,18.4,8991004.0,169498613.94,18.19,17.99,17.39,16.89
2020-10-27,600835.XSHG,18.6,18.58,18.66,18.2,6394805.0,117917061.44,17.93,17.92,17.26,16.82
2020-10-26,600835.XSHG,17.65,18.59,18.68,17.44,10651384.0,194252525.57,17.75,17.84,17.15,16.74
2020-10-23,600835.XSHG,17.6,17.31,18.0,17.23,2919346.0,51153836.68,17.58,17.79,17.05,16.69
2020-10-22,600835.XSHG,17.51,17.65,17.67,17.32,2202273.0,38605241.5,17.72,17.77,16.98,16.69
2020-10-21,600835.XSHG,17.8,17.52,17.8,17.29,2798980.0,48897104.37,17.8,17.62,16.89,16.68
2020-10-20,600835.XSHG,17.87,17.7,17.87,17.56,2444978.0,43219252.53,17.9,17.5,16.8,16.69
2020-10-19,600835.XSHG,17.9,17.71,18.2,17.67,3158629.0,56383354.72,17.93,17.34,16.7,16.69
2020-10-16,600835.XSHG,18.02,18.0,18.3,17.81,2316125.0,41676069.65,17.99,17.18,16.59,16.7
2020-10-15,600835.XSHG,17.95,18.07,18.43,17.95,3410748.0,61944872.03,17.82,16.98,16.46,16.7
2020-10-14,600835.XSHG,17.81,18.03,18.11,17.73,3446994.0,61887512.59,17.45,16.79,16.34,16.71
2020-10-13,600835.XSHG,18.0,17.86,18.04,17.67,3577368.0,63878246.09,17.1,16.61,16.26,16.72
2020-10-12,600835.XSHG,17.19,18.0,18.2,17.17,10303526.0,183756936.55,16.75,16.46,16.19,16.71
2020-10-09,600835.XSHG,16.33,17.16,17.21,16.25,7051131.0,119165382.83,16.37,16.31,16.14,16.66
2020-09-30,600835.XSHG,16.27,16.2,16.38,16.05,2429195.0,39411768.69,16.13,16.19,16.15,16.64
2020-09-29,600835.XSHG,16.16,16.27,16.45,16.01,2211394.0,36000375.63,16.14,16.16,16.21,16.67
2020-09-28,600835.XSHG,16.1,16.11,16.36,15.9,1958954.0,31703981.78,16.13,16.1,16.29,16.7
2020-09-25,600835.XSHG,16.01,16.09,16.16,15.86,1376593.0,22029372.0,16.18,16.05,16.37,16.74
2020-09-24,600835.XSHG,16.15,15.99,16.27,15.91,2230712.0,35783807.01,16.25,16.01,16.46,16.76
2020-09-23,600835.XSHG,16.29,16.22,16.35,16.2,1323076.0,21509298.0,16.25,15.95,16.56,16.78
2020-09-22,600835.XSHG,16.28,16.24,16.48,16.11,2005949.0,32703793.63,16.18,15.9,16.66,16.79
2020-09-21,600835.XSHG,16.43,16.37,16.51,16.19,2988486.0,48815252.54,16.07,15.92,16.77,16.81
2020-09-18,600835.XSHG,15.91,16.45,16.48,15.91,3951173.0,64453068.19,15.93,15.91,16.83,16.83
2020-09-17,600835.XSHG,15.8,15.98,16.07,15.73,2572249.0,40919670.45,15.76,15.96,16.84,16.83
2020-09-16,600835.XSHG,15.68,15.85,15.94,15.54,3488723.0,55083938.77,15.65,16.11,16.87,16.87
2020-09-15,600835.XSHG,15.7,15.71,15.83,15.6,2831968.0,44466102.21,15.61,16.26,16.92,16.91
2020-09-14,600835.XSHG,15.75,15.64,15.76,15.46,3773128.0,58879666.68,15.76,16.48,17.0,16.95
2020-09-11,600835.XSHG,15.44,15.63,15.82,15.35,7342352.0,114537816.77,15.89,16.68,17.08,17.01
2020-09-10,600835.XSHG,15.86,15.4,15.98,15.27,7892137.0,122333633.04,16.17,16.91,17.13,17.05
2020-09-09,600835.XSHG,16.3,15.69,16.33,15.68,6894826.0,109919454.62,16.57,17.18,17.19,17.09
2020-09-08,600835.XSHG,16.35,16.44,16.53,16.17,6302295.0,103125735.97,16.91,17.43,17.23,17.13
2020-09-07,600835.XSHG,17.07,16.3,17.07,16.25,7933426.0,131894142.28,17.19,17.62,17.25,17.14
2020-09-04,600835.XSHG,17.21,17.01,17.47,16.95,3910754.0,66730879.08,17.46,17.75,17.28,17.15
2020-09-03,600835.XSHG,17.46,17.41,17.72,17.36,3461732.0,60712361.8,17.65,17.71,17.27,17.12
2020-09-02,600835.XSHG,17.7,17.41,17.8,17.29,5575516.0,97425206.6,17.78,17.63,17.25,17.1
2020-09-01,600835.XSHG,17.65,17.84,17.9,17.5,6365937.0,112626504.24,17.94,17.58,17.23,17.1
2020-08-31,600835.XSHG,18.04,17.65,18.17,17.58,5948712.0,106196817.86,18.04,17.52,17.19,17.11
2020-08-28,600835.XSHG,18.22,17.93,18.25,17.54,10863938.0,193718689.86,18.04,17.47,17.17,17.09
2020-08-27,600835.XSHG,18.18,18.08,18.48,17.98,4753031.0,86358473.88,17.78,17.36,17.12,17.05
2020-08-26,600835.XSHG,18.34,18.19,18.7,18.0,8628702.0,158175707.11,17.49,17.21,17.05,17.0
2020-08-25,600835.XSHG,17.75,18.35,18.65,17.57,11982508.0,219481271.01,17.23,17.04,16.98,16.95
2020-08-24,600835.XSHG,17.07,17.65,17.69,16.8,8889447.0,153961199.13,17.0,16.88,16.9,16.9
2020-08-21,600835.XSHG,16.66,16.63,16.92,16.47,2121585.0,35324380.3,16.91,16.82,16.84,16.88
2020-08-20,600835.XSHG,16.77,16.62,16.9,16.57,1518576.0,25333150.31,16.93,16.82,16.82,16.88
2020-08-19,600835.XSHG,17.09,16.91,17.11,16.83,1904082.0,32322127.87,16.94,16.86,16.84,16.88
2020-08-18,600835.XSHG,17.21,17.17,17.28,17.01,2468483.0,42248923.82,16.85,16.88,16.86,16.87
2020-08-17,600835.XSHG,16.92,17.21,17.26,16.68,4537852.0,77145506.43,16.77,16.87,16.9,16.85
2020-08-14,600835.XSHG,16.6,16.74,16.83,16.45,2556891.0,42514495.82,16.72,16.87,16.89,16.84
2020-08-13,600835.XSHG,16.49,16.65,16.93,16.49,2032913.0,33960111.28,16.72,16.89,16.89,16.83
2020-08-12,600835.XSHG,16.71,16.48,16.76,16.25,2693919.0,44343350.06,16.78,16.89,16.89,16.82
2020-08-11,600835.XSHG,17.02,16.78,17.18,16.69,2456369.0,41650821.4,16.9,16.92,16.9,16.8
2020-08-10,600835.XSHG,16.57,16.97,17.02,16.52,2724965.0,45950434.36,16.97,16.92,16.9,16.78
2020-08-07,600835.XSHG,16.84,16.72,16.88,16.5,2726803.0,45526916.29,17.02,16.87,16.9,16.76
2020-08-06,600835.XSHG,17.13,16.96,17.16,16.71,2667237.0,45008678.21,17.06,16.81,16.9,16.74
2020-08-05,600835.XSHG,17.07,17.07,17.21,16.92,2287567.0,38967467.18,17.0,16.82,16.89,16.72
2020-08-04,600835.XSHG,17.23,17.11,17.24,16.97,2919349.0,49954759.4,16.95,16.85,16.87,16.68
2020-08-03,600835.XSHG,16.97,17.23,17.31,16.97,3884964.0,66778323.26,16.87,16.93,16.84,16.63
2020-07-31,600835.XSHG,16.61,16.93,17.21,16.49,4004962.0,67753997.79,16.72,16.92,16.83,16.57
2020-07-30,600835.XSHG,16.87,16.66,17.12,16.54,2996941.0,50009106.19,16.56,16.9,16.8,16.5
2020-07-29,600835.XSHG,16.34,16.82,16.83,16.34,2949051.0,49346566.5,16.64,16.9,16.78,16.43
2020-07-28,600835.XSHG,16.92,16.71,16.92,16.53,2607119.0,43475094.53,16.75,16.88,16.74,16.36
2020-07-27,600835.XSHG,15.88,16.5,16.81,15.88,5214286.0,85809180.67,17.0,16.89,16.72,16.28
2020-07-24,600835.XSHG,17.0,16.13,17.07,16.07,7394487.0,122598539.96,17.11,16.94,16.71,16.2
2020-07-23,600835.XSHG,17.35,17.04,17.41,16.76,6198848.0,105919045.94,17.23,16.99,16.71,16.14
2020-07-22,600835.XSHG,17.99,17.39,18.29,17.27,12947749.0,231367453.28,17.16,16.97,16.66,16.05
2020-07-21,600835.XSHG,17.23,17.93,18.19,17.11,12470312.0,220824700.2,17.01,16.89,16.59,15.95
2020-07-20,600835.XSHG,17.09,17.06,17.12,16.64,4965768.0,84088409.2,16.77,16.76,16.47,15.83
2020-07-17,600835.XSHG,16.58,16.74,16.85,16.39,5668526.0,94258959.32,16.77,16.74,16.39,15.74
2020-07-16,600835.XSHG,16.67,16.66,17.64,16.64,9564078.0,163751366.93,16.76,16.7,16.3,15.66
2020-07-15,600835.XSHG,16.75,16.66,16.95,16.57,4696464.0,78478805.75,16.78,16.67,16.2,15.58
2020-07-14,600835.XSHG,17.09,16.75,17.09,16.59,6957993.0,116436551.3,16.77,16.6,16.09,15.51
2020-07-13,600835.XSHG,16.69,17.02,17.13,16.34,7240041.0,122414234.77,16.74,16.55,15.98,15.43
2020-07-10,600835.XSHG,16.71,16.69,17.0,16.62,7267952.0,121521296.95,16.71,16.47,15.83,15.33
2020-07-09,600835.XSHG,16.61,16.79,16.95,16.5,5607792.0,93906759.52,16.65,16.43,15.71,15.24
2020-07-08,600835.XSHG,16.45,16.61,16.71,16.45,5603713.0,92897371.62,16.55,16.36,15.59,15.13
2020-07-07,600835.XSHG,17.0,16.57,17.17,16.52,7827705.0,130833479.23,16.43,16.3,15.48,15.03
2020-07-06,600835.XSHG,16.56,16.9,17.02,16.46,5992504.0,100690638.21,16.35,16.19,15.37,14.93
2020-07-03,600835.XSHG,16.31,16.4,16.62,16.24,4847806.0,79600266.31,16.23,16.04,15.24,14.82
2020-07-02,600835.XSHG,16.04,16.29,16.43,15.96,5672580.0,92043460.47,16.2,15.89,15.14,14.72
2020-07-01,600835.XSHG,16.17,16.01,16.18,15.92,3692585.0,59095599.91,16.16,15.73,15.04,14.63
2020-06-30,600835.XSHG,16.38,16.17,16.48,15.92,4708202.0,75903110.13,16.16,15.58,14.96,14.54
2020-06-29,600835.XSHG,16.24,16.29,16.45,16.1,4938519.0,80196091.6,16.03,15.41,14.87,14.45
2020-06-24,600835.XSHG,16.09,16.24,16.31,16.05,4745124.0,76799630.51,15.85,15.19,14.75,14.36
2020-06-23,600835.XSHG,16.07,16.08,16.21,15.91,5375752.0,86207439.66,15.58,15.0,14.64,14.28
2020-06-22,600835.XSHG,15.44,16.02,16.28,15.44,9650637.0,154643348.26,15.31,14.82,14.52,14.22
2020-06-19,600835.XSHG,15.39,15.52,15.62,15.22,7598261.0,117171331.93,15.0,14.66,14.4,14.16
2020-06-18,600835.XSHG,14.85,15.4,15.62,14.72,9596973.0,147061242.96,14.79,14.55,14.29,14.11
2020-06-17,600835.XSHG,14.74,14.88,14.94,14.67,4125636.0,61229419.9,14.53,14.44,14.2,14.06
2020-06-16,600835.XSHG,14.56,14.72,14.76,14.56,4392927.0,64509632.43,14.41,14.38,14.14,14.03
2020-06-15,600835.XSHG,14.52,14.49,14.66,14.35,4785783.0,69448351.55,14.34,14.35,14.08,14.01
2020-06-12,600835.XSHG,14.02,14.44,14.59,13.95,5575296.0,79834569.86,14.31,14.34,14.02,13.99
2020-06-11,600835.XSHG,14.26,14.13,14.34,14.11,2617327.0,37124552.7,14.32,14.33,13.97,13.97
2020-06-10,600835.XSHG,14.28,14.28,14.41,14.27,2435991.0,34918535.65,14.35,14.31,13.94,13.98
2020-06-09,600835.XSHG,14.34,14.36,14.42,14.23,2742379.0,39183078.26,14.35,14.28,13.92,13.96
2020-06-08,600835.XSHG,14.52,14.35,14.56,14.26,3088347.0,44447861.89,14.36,14.22,13.91,13.95
2020-06-05,600835.XSHG,14.34,14.47,14.68,14.26,5755194.0,83360839.32,14.37,14.14,13.91,13.95
2020-06-04,600835.XSHG,14.28,14.29,14.36,14.11,3001834.0,42746442.24,14.34,14.03,13.88,13.95
2020-06-03,600835.XSHG,14.45,14.3,14.45,14.25,3416362.0,48947161.19,14.28,13.97,13.86,13.95
2020-06-02,600835.XSHG,14.5,14.38,14.5,14.31,3850138.0,55355086.98,14.21,13.89,13.85,13.92
2020-06-01,600835.XSHG,14.4,14.4,14.47,14.26,7837667.0,112362039.95,14.07,13.8,13.84,13.9
2020-05-29,600835.XSHG,13.93,14.33,14.47,13.93,11903604.0,170288598.74,13.92,13.7,13.82,13.86
2020-05-28,600835.XSHG,14.04,13.98,14.1,13.89,3806911.0,53213333.91,13.73,13.62,13.8,13.83
2020-05-27,600835.XSHG,13.68,13.98,14.11,13.6,6546268.0,91157402.64,13.66,13.57,13.81,13.81
2020-05-26,600835.XSHG,13.56,13.68,13.73,13.52,3112111.0,42493547.3,13.57,13.56,13.81,13.78
2020-05-25,600835.XSHG,13.49,13.63,13.8,13.37,5501934.0,75121791.46,13.53,13.61,13.82,13.77
2020-05-22,600835.XSHG,13.68,13.37,13.85,13.37,5489180.0,74561970.42,13.49,13.68,13.85,13.76
2020-05-21,600835.XSHG,13.56,13.63,13.77,13.49,3718291.0,50699306.58,13.5,13.74,13.9,13.76
2020-05-20,600835.XSHG,13.54,13.53,13.63,13.49,2393933.0,32411499.0,13.48,13.76,13.94,13.75
2020-05-19,600835.XSHG,13.48,13.5,13.54,13.45,1966347.0,26523449.38,13.55,13.81,13.94,13.74
2020-05-18,600835.XSHG,13.44,13.41,13.56,13.26,3391617.0,45470597.43,13.69,13.88,13.94,13.73
2020-05-15,600835.XSHG,13.5,13.45,13.6,13.38,3192499.0,42968617.19,13.87,13.94,13.94,13.71
2020-05-14,600835.XSHG,13.73,13.51,13.74,13.48,4968829.0,67351373.95,13.97,13.98,13.94,13.7
2020-05-13,600835.XSHG,14.14,13.87,14.24,13.71,7176808.0,99533169.36,14.04,14.05,13.93,13.69
2020-05-12,600835.XSHG,14.3,14.19,14.37,14.1,2997349.0,42623158.51,14.07,14.05,13.89,13.68
2020-05-11,600835.XSHG,13.96,14.33,14.41,13.96,6640361.0,94830536.05,14.07,14.04,13.85,13.66
2020-05-08,600835.XSHG,13.93,13.94,13.97,13.85,3091348.0,43054146.0,14.0,14.03,13.81,13.63
2020-05-07,600835.XSHG,14.01,13.89,14.02,13.8,3047888.0,42290116.69,13.99,14.07,13.78,13.61
2020-05-06,600835.XSHG,13.92,14.01,14.24,13.85,5867783.0,81900431.38,14.05,14.11,13.74,13.59
2020-04-30,600835.XSHG,14.38,14.2,14.39,14.15,3240934.0,46147825.57,14.03,14.07,13.71,13.55
2020-04-29,600835.XSHG,13.93,13.98,13.98,13.81,1528347.0,21291773.03,14.0,14.0,13.65,13.51
2020-04-28,600835.XSHG,14.25,13.87,14.25,13.76,3960441.0,55150705.48,14.05,13.95,13.6,13.49
2020-04-27,600835.XSHG,14.02,14.18,14.27,13.98,3706527.0,52540691.8,14.14,13.9,13.56,13.47
2020-04-24,600835.XSHG,14.01,13.94,14.12,13.91,3046316.0,42584719.82,14.18,13.81,13.51,13.46
2020-04-23,600835.XSHG,14.23,14.02,14.25,13.99,5343043.0,75197365.41,14.11,13.73,13.49,13.47
2020-04-22,600835.XSHG,14.17,14.25,14.27,14.09,4483280.0,63613740.39,14.01,13.67,13.47,13.48
2020-04-21,600835.XSHG,14.15,14.32,14.47,14.14,6843475.0,97592899.09,13.85,13.58,13.44,13.49
2020-04-20,600835.XSHG,13.87,14.37,14.65,13.85,17440291.0,249799165.22,13.67,13.49,13.38,13.48
2020-04-17,600835.XSHG,13.53,13.6,13.67,13.49,4771705.0,64794638.82,13.44,13.37,13.33,13.5
2020-04-16,600835.XSHG,13.47,13.52,13.55,13.38,3509668.0,47301048.36,13.35,13.34,13.29,13.54
2020-04-15,600835.XSHG,13.52,13.44,13.61,13.4,3777474.0,50956096.36,13.33,13.29,13.27,13.58
2020-04-14,600835.XSHG,13.23,13.41,13.43,13.23,2946049.0,39302557.42,13.32,13.24,13.26,13.62
2020-04-13,600835.XSHG,13.18,13.23,13.25,13.04,1373933.0,18111272.38,13.31,13.21,13.26,13.66
2020-04-10,600835.XSHG,13.37,13.17,13.43,13.16,2299345.0,30524530.32,13.3,13.22,13.29,13.69
2020-04-09,600835.XSHG,13.45,13.39,13.55,13.38,2520004.0,33884946.56,13.34,13.24,13.34,13.73
2020-04-08,600835.XSHG,13.34,13.4,13.46,13.28,2688947.0,35936093.61,13.26,13.26,13.38,13.77
2020-04-07,600835.XSHG,13.37,13.37,13.45,13.3,3788182.0,50624606.56,13.17,13.29,13.44,13.8
2020-04-03,600835.XSHG,13.34,13.17,13.4,13.14,1839157.0,24284549.48,13.11,13.27,13.48,13.85
2020-04-02,600835.XSHG,13.0,13.35,13.35,12.98,2887593.0,38081077.12,13.14,13.28,13.56,13.91
2020-04-01,600835.XSHG,13.0,12.99,13.14,12.92,1756581.0,22927407.56,13.15,13.24,13.64,13.96
2020-03-31,600835.XSHG,13.19,12.97,13.26,12.92,2099272.0,27431804.32,13.27,13.24,13.73,14.02
2020-03-30,600835.XSHG,13.28,13.06,13.28,12.86,3601669.0,46796699.93,13.4,13.28,13.8,14.08
2020-03-27,600835.XSHG,13.51,13.32,13.6,13.3,3644143.0,48959811.97,13.42,13.3,13.88,14.13
2020-03-26,600835.XSHG,13.53,13.4,13.53,13.33,2819670.0,37806542.52,13.42,13.36,13.93,14.17
2020-03-25,600835.XSHG,13.84,13.62,13.9,13.49,5076046.0,69231375.8,13.33,13.44,13.98,14.19
2020-03-24,600835.XSHG,13.3,13.62,13.64,13.3,5734479.0,77298515.23,13.22,13.5,14.02,14.22
2020-03-23,600835.XSHG,13.04,13.16,13.35,12.92,3272090.0,43058072.77,13.17,13.58,14.06,14.24
2020-03-20,600835.XSHG,13.08,13.32,13.37,12.98,3340925.0,43856723.36,13.18,13.7,14.15,14.28
2020-03-19,600835.XSHG,13.13,12.95,13.24,12.81,5161414.0,67150607.86,13.3,13.84,14.23,14.32
2020-03-18,600835.XSHG,13.44,13.03,13.5,12.99,3851173.0,51272261.79,13.54,14.04,14.33,14.36
2020-03-17,600835.XSHG,13.24,13.37,13.46,12.96,4809715.0,63619007.52,13.79,14.21,14.41,14.4
2020-03-16,600835.XSHG,14.0,13.23,14.0,13.18,7869396.0,106647610.81,14.0,14.32,14.48,14.42
2020-03-13,600835.XSHG,13.66,13.94,14.09,13.52,6547225.0,89888751.79,14.21,14.46,14.55,14.45
2020-03-12,600835.XSHG,14.11,14.14,14.29,14.04,6141808.0,86801843.37,14.38,14.49,14.57,14.5
2020-03-11,600835.XSHG,14.52,14.25,14.6,14.23,5064535.0,72989548.07,14.54,14.52,14.57,14.55
2020-03-10,600835.XSHG,14.25,14.46,14.51,14.1,5416418.0,77597391.98,14.63,14.54,14.58,14.6
2020-03-09,600835.XSHG,14.5,14.27,14.58,14.25,6860874.0,98733716.02,14.64,14.54,14.57,14.65
2020-03-06,600835.XSHG,14.89,14.76,14.97,14.75,6415167.0,95131330.7,14.72,14.6,14.58,14.71
2020-03-05,600835.XSHG,14.73,14.98,15.05,14.66,8863762.0,131941032.84,14.6,14.61,14.55,14.76
2020-03-04,600835.XSHG,14.47,14.66,14.73,14.41,5735992.0,83629782.11,14.49,14.61,14.51,14.8
2020-03-03,600835.XSHG,14.78,14.55,14.89,14.46,8311263.0,121703975.15,14.45,14.62,14.49,14.85
2020-03-02,600835.XSHG,14.21,14.63,14.74,14.21,8521290.0,124506355.9,14.44,14.63,14.47,14.91
2020-02-28,600835.XSHG,14.23,14.19,14.45,14.05,9882086.0,140480232.32,14.47,14.63,14.44,14.96
2020-02-27,600835.XSHG,14.5,14.4,14.56,14.37,5193981.0,75119499.9,14.62,14.64,14.5,15.02
2020-02-26,600835.XSHG,14.33,14.46,14.66,14.29,7230454.0,104855041.65,14.73,14.63,14.56,15.07
2020-02-25,600835.XSHG,14.63,14.52,14.65,14.27,8007698.0,116041319.54,14.78,14.62,14.63,15.12
2020-02-24,600835.XSHG,14.88,14.8,14.88,14.68,7782782.0,114935973.2,14.81,14.6,14.7,15.17
2020-02-21,600835.XSHG,14.99,14.92,15.13,14.84,8894784.0,132951305.84,14.79,14.56,14.76,15.21
2020-02-20,600835.XSHG,14.76,14.95,15.0,14.63,8868687.0,131038426.61,14.67,14.5,14.83,15.25
2020-02-19,600835.XSHG,14.68,14.73,14.79,14.57,6843210.0,100573606.06,14.53,14.42,14.89,15.28
2020-02-18,600835.XSHG,14.67,14.66,14.74,14.52,7176601.0,104915797.55,14.46,14.37,14.97,15.32
2020-02-17,600835.XSHG,14.36,14.68,14.69,14.29,6766802.0,98774065.6,14.39,14.32,15.05,15.35
2020-02-14,600835.XSHG,14.26,14.33,14.39,14.19,5771223.0,82461494.39,14.34,14.24,15.12,15.38
2020-02-13,600835.XSHG,14.42,14.23,14.5,14.17,7015539.0,100058027.39,14.32,14.36,15.21,15.43
2020-02-12,600835.XSHG,14.33,14.42,14.45,14.22,5556884.0,79700866.53,14.32,14.5,15.28,15.48
2020-02-11,600835.XSHG,14.4,14.3,14.58,14.28,6715741.0,96638078.25,14.28,14.63,15.37,15.53
2020-02-10,600835.XSHG,14.29,14.4,14.46,14.2,6155472.0,88319743.82,14.25,14.8,15.45,15.58
2020-02-07,600835.XSHG,14.26,14.25,14.31,14.15,5992540.0,85226537.46,14.15,14.96,15.53,15.63
2020-02-06,600835.XSHG,14.23,14.22,14.37,13.99,6366834.0,90439715.55,14.39,15.16,15.63,15.68
2020-02-05,600835.XSHG,14.2,14.24,14.42,14.04,5774924.0,82051114.14,14.68,15.36,15.71,15.73
2020-02-04,600835.XSHG,13.91,14.15,14.32,13.85,5600147.0,79096766.53,14.98,15.56,15.79,15.78
2020-02-03,600835.XSHG,13.91,13.91,14.06,13.91,8778078.0,122112465.97,15.36,15.78,15.86,15.82
2020-01-23,600835.XSHG,15.5,15.45,15.81,15.29,4545553.0,70481408.58,15.77,16.0,15.95,15.87
2020-01-22,600835.XSHG,15.66,15.64,15.76,15.29,4256423.0,66219434.37,15.92,16.05,15.96,15.87
2020-01-21,600835.XSHG,15.98,15.73,16.07,15.69,4437595.0,70197548.3,16.03,16.07,15.97,15.87
2020-01-20,600835.XSHG,15.98,16.06,16.11,15.86,2460073.0,39394270.14,16.14,16.12,15.98,15.87
2020-01-17,600835.XSHG,16.3,15.96,16.3,15.92,3372357.0,54183884.67,16.2,16.09,15.97,15.85
2020-01-16,600835.XSHG,16.24,16.23,16.4,16.07,3563438.0,57919754.44,16.23,16.1,15.97,15.82
2020-01-15,600835.XSHG,16.24,16.19,16.31,16.12,2699919.0,43683902.14,16.18,16.1,15.94,15.78
2020-01-14,600835.XSHG,16.47,16.28,16.5,16.26,3485318.0,56955657.62,16.11,16.06,15.92,15.75
2020-01-13,600835.XSHG,16.17,16.35,16.42,16.09,5922198.0,96562629.32,16.09,16.02,15.89,15.69
2020-01-10,600835.XSHG,16.03,16.12,16.39,15.99,5916503.0,95684852.01,15.98,15.94,15.85,15.63
2020-01-09,600835.XSHG,15.94,15.97,16.07,15.87,3616813.0,57685386.89,15.97,15.9,15.81,15.58
2020-01-08,600835.XSHG,16.07,15.82,16.13,15.72,8330317.0,132326729.3,16.01,15.88,15.78,15.53
2020-01-07,600835.XSHG,15.84,16.2,16.22,15.84,5765981.0,92903863.78,16.01,15.87,15.77,15.48
2020-01-06,600835.XSHG,15.89,15.79,16.2,15.73,8248612.0,131181731.27,15.94,15.84,15.74,15.43
2020-01-03,600835.XSHG,16.19,16.09,16.19,16.0,2930235.0,47111528.22,15.91,15.86,15.72,15.39
2020-01-02,600835.XSHG,15.89,16.16,16.23,15.88,6083938.0,98202788.89,15.84,15.83,15.68,15.34
2019-12-31,600835.XSHG,15.87,15.83,15.93,15.67,2745921.0,43420651.48,15.74,15.79,15.63,15.28
2019-12-30,600835.XSHG,15.56,15.83,15.89,15.43,3934541.0,61907277.81,15.73,15.78,15.59,15.24
2019-12-27,600835.XSHG,15.77,15.62,15.81,15.6,2848606.0,44706609.0,15.75,15.76,15.53,15.19
2019-12-26,600835.XSHG,15.69,15.74,15.82,15.64,2243161.0,35262608.0,15.81,15.75,15.48,15.15
2019-12-25,600835.XSHG,15.78,15.67,15.97,15.62,2936296.0,46263705.0,15.82,15.71,15.41,15.11
2019-12-24,600835.XSHG,15.92,15.78,16.02,15.66,3411338.0,53753672.0,15.84,15.69,15.36,15.06
2019-12-23,600835.XSHG,15.76,15.94,16.21,15.76,5352781.0,85676143.0,15.83,15.68,15.29,15.02
2019-12-20,600835.XSHG,16.35,15.92,16.5,15.89,7900117.0,127706265.0,15.78,15.64,15.22,14.97
2019-12-19,600835.XSHG,15.8,15.79,15.83,15.7,2574620.0,40587779.0,15.69,15.59,15.15,14.92
2019-12-18,600835.XSHG,15.74,15.77,15.99,15.66,4341877.0,68585568.0,15.61,15.54,15.09,14.87
2019-12-17,600835.XSHG,15.66,15.75,15.81,15.52,6463846.0,101164960.0,15.53,15.47,15.02,14.83
2019-12-16,600835.XSHG,15.61,15.66,15.68,15.45,3029601.0,47220278.0,15.52,15.4,14.97,14.79
2019-12-13,600835.XSHG,15.48,15.47,15.84,15.39,8711735.0,135543050.0,15.49,15.3,14.91,14.75
2019-12-12,600835.XSHG,15.37,15.38,15.49,15.32,2968723.0,45630904.0,15.49,15.2,14.86,14.73
2019-12-11,600835.XSHG,15.71,15.41,15.71,15.33,3679305.0,56771782.0,15.47,15.11,14.81,14.7
2019-12-10,600835.XSHG,15.62,15.68,15.71,15.43,3162705.0,49275740.0,15.4,15.02,14.75,14.67
2019-12-09,600835.XSHG,15.55,15.53,15.59,15.34,3950472.0,61166693.0,15.28,14.9,14.69,14.65
2019-12-06,600835.XSHG,15.37,15.44,15.56,15.21,3538741.0,54626768.0,15.11,14.81,14.63,14.67
2019-12-05,600835.XSHG,15.09,15.28,15.42,15.09,4494277.0,68813507.0,14.92,14.72,14.58,14.69
2019-12-04,600835.XSHG,15.11,15.09,15.16,14.97,2550128.0,38434167.0,14.76,14.64,14.54,14.72
2019-12-03,600835.XSHG,14.61,15.06,15.1,14.58,5637556.0,84285418.0,14.64,14.58,14.51,14.76
2019-12-02,600835.XSHG,14.61,14.66,14.79,14.52,2557025.0,37454304.0,14.51,14.53,14.48,14.8
2019-11-29,600835.XSHG,14.54,14.5,14.56,14.42,1457426.0,21101478.0,14.52,14.51,14.48,14.85
2019-11-28,600835.XSHG,14.49,14.5,14.67,14.43,1789115.0,25974754.0,14.52,14.51,14.49,14.9
2019-11-27,600835.XSHG,14.47,14.5,14.66,14.45,2889723.0,42046711.0,14.53,14.5,14.5,14.96
2019-11-26,600835.XSHG,14.66,14.4,14.85,14.4,5823723.0,85467690.0,14.52,14.48,14.5,15.02
2019-11-25,600835.XSHG,14.49,14.71,14.71,14.47,3099938.0,45317812.0,14.55,14.48,14.52,15.09
2019-11-22,600835.XSHG,14.52,14.51,14.64,14.42,2370593.0,34462204.0,14.5,14.45,14.59,15.15
2019-11-21,600835.XSHG,14.44,14.51,14.52,14.41,1561445.0,22612563.0,14.49,14.44,14.67,15.21
2019-11-20,600835.XSHG,14.59,14.45,14.59,14.42,1744794.0,25303184.0,14.46,14.43,14.76,15.26
2019-11-19,600835.XSHG,14.49,14.58,14.58,14.45,2861251.0,41560714.0,14.44,14.43,14.84,15.32
2019-11-18,600835.XSHG,14.5,14.47,14.5,14.37,2073854.0,29969888.0,14.41,14.43,14.94,15.36
2019-11-15,600835.XSHG,14.37,14.45,14.59,14.33,3344774.0,48383860.0,14.39,14.45,15.01,15.41
2019-11-14,600835.XSHG,14.34,14.37,14.41,14.27,2931183.0,42070770.0,14.4,14.47,15.1,15.46
2019-11-13,600835.XSHG,14.41,14.34,14.5,14.31,2447023.0,35215505.0,14.4,14.5,15.19,15.51
2019-11-12,600835.XSHG,14.36,14.41,14.46,14.22,2864152.0,41075445.0,14.42,14.51,15.29,15.57
2019-11-11,600835.XSHG,14.42,14.37,14.48,14.3,3236847.0,46493984.0,14.46,14.56,15.39,15.64
2019-11-08,600835.XSHG,14.42,14.49,14.72,14.39,5742763.0,83514290.0,14.51,14.74,15.5,15.72
2019-11-07,600835.XSHG,14.49,14.37,14.54,14.33,4728536.0,68177386.0,14.55,14.9,15.59,15.79
2019-11-06,600835.XSHG,14.58,14.48,14.65,14.42,4227821.0,61375290.0,14.59,15.08,15.68,15.87
2019-11-05,600835.XSHG,14.64,14.57,14.69,14.5,3354692.0,48919113.0,14.61,15.26,15.76,15.93
2019-11-04,600835.XSHG,14.68,14.66,14.74,14.53,5161633.0,75467306.0,14.67,15.44,15.83,16.0
2019-11-01,600835.XSHG,14.54,14.68,14.75,14.47,4720088.0,69108767.0,14.97,15.57,15.89,16.08
2019-10-31,600835.XSHG,14.54,14.58,14.75,14.53,6177960.0,90443810.0,15.26,15.72,15.95,16.15
2019-10-30,600835.XSHG,14.8,14.54,14.87,14.45,7198264.0,105405880.0,15.57,15.89,16.02,16.24
2019-10-29,600835.XSHG,15.7,14.89,15.74,14.76,21042308.0,315605078.0,15.91,16.07,16.1,16.34
2019-10-28,600835.XSHG,16.08,16.17,16.24,16.04,2399348.0,38698017.0,16.21,16.22,16.18,16.42
2019-10-25,600835.XSHG,16.16,16.11,16.2,15.95,2279242.0,36539793.0,16.18,16.26,16.2,16.45
2019-10-24,600835.XSHG,16.29,16.16,16.29,16.02,1806451.0,29165641.0,16.19,16.27,16.23,16.49
2019-10-23,600835.XSHG,16.43,16.21,16.47,16.15,1993888.0,32453634.0,16.2,16.27,16.26,16.52
2019-10-22,600835.XSHG,16.06,16.41,16.48,16.06,3448001.0,56137973.0,16.24,16.26,16.27,16.56
2019-10-21,600835.XSHG,16.19,15.99,16.19,15.92,2631983.0,42175819.0,16.23,16.21,16.27,16.57
2019-10-18,600835.XSHG,16.28,16.18,16.6,16.14,4959212.0,81230911.0,16.34,16.2,16.33,16.6
2019-10-17,600835.XSHG,16.47,16.21,16.47,16.14,2756752.0,44862590.0,16.35,16.19,16.37,16.64
2019-10-16,600835.XSHG,16.4,16.39,16.52,16.31,2743937.0,45005378.0,16.35,16.16,16.42,16.67
2019-10-15,600835.XSHG,16.52,16.39,16.55,16.31,4026194.0,66171589.0,16.28,16.13,16.47,16.71
2019-10-14,600835.XSHG,16.25,16.53,16.6,16.25,4585755.0,75629193.0,16.19,16.14,16.52,16.75
2019-10-11,600835.XSHG,16.12,16.25,16.31,16.12,2970749.0,48171614.0,16.06,16.15,16.55,16.86
2019-10-10,600835.XSHG,16.07,16.17,16.2,15.98,3238535.0,52118279.0,16.02,16.2,16.6,16.94
2019-10-09,600835.XSHG,15.81,16.04,16.04,15.71,3251098.0,51595512.0,15.97,16.25,16.65,17.03
2019-10-08,600835.XSHG,15.88,15.98,15.99,15.6,4456311.0,70432490.0,15.98,16.28,16.71,17.13
2019-09-30,600835.XSHG,15.97,15.88,16.09,15.87,2850974.0,45488468.0,16.09,16.33,16.75,17.23
2019-09-27,600835.XSHG,15.94,16.01,16.14,15.94,2870142.0,46009955.0,16.24,16.45,16.8,17.34
2019-09-26,600835.XSHG,16.05,15.94,16.24,15.91,4740181.0,76170943.0,16.38,16.55,16.86,17.45
2019-09-25,600835.XSHG,16.51,16.09,16.51,15.96,8916154.0,143618177.0,16.52,16.68,16.93,17.55
2019-09-24,600835.XSHG,16.63,16.53,16.78,16.52,4746026.0,79075398.0,16.58,16.8,17.0,17.63
2019-09-23,600835.XSHG,16.72,16.63,16.76,16.36,4687978.0,77630031.0,16.57,16.9,17.06,17.69
2019-09-20,600835.XSHG,16.67,16.7,16.79,16.61,3779466.0,63120303.0,16.66,16.95,17.22,17.71
2019-09-19,600835.XSHG,16.48,16.66,16.67,16.35,4009692.0,66463789.0,16.73,17.0,17.31,17.73
2019-09-18,600835.XSHG,16.58,16.37,16.63,16.36,5859923.0,96318903.0,16.83,17.05,17.43,17.73
2019-09-17,600835.XSHG,17.0,16.51,17.13,16.45,8838761.0,147980198.0,17.03,17.13,17.56,17.75
2019-09-16,600835.XSHG,17.15,17.05,17.15,16.95,4540713.0,77428550.0,17.23,17.17,17.68,17.77
2019-09-12,600835.XSHG,17.2,17.05,17.27,16.93,6074819.0,103428722.0,17.24,17.15,17.79,17.76
2019-09-11,600835.XSHG,17.39,17.18,17.43,17.1,6104260.0,105297770.0,17.26,17.17,17.89,17.76
2019-09-10,600835.XSHG,17.51,17.37,17.51,17.29,5858384.0,101725467.0,17.27,17.18,17.99,17.75
2019-09-09,600835.XSHG,17.22,17.52,17.52,17.08,10260204.0,177818731.0,17.24,17.2,18.04,17.73
2019-09-06,600835.XSHG,17.2,17.09,17.25,17.0,5862141.0,100408272.0,17.1,17.22,18.09,17.68
2019-09-05,600835.XSHG,17.29,17.15,17.43,17.11,14808745.0,255685904.0,17.06,17.48,18.1,17.64
2019-09-04,600835.XSHG,17.09,17.23,17.25,16.95,7447628.0,127403202.0,17.08,17.63,18.1,17.6
2019-09-03,600835.XSHG,16.92,17.19,17.32,16.86,10885865.0,186437983.0,17.08,17.8,18.08,17.56
2019-09-02,600835.XSHG,16.83,16.85,17.13,16.78,13938979.0,236270165.0,17.15,17.99,18.06,17.5
2019-08-30,600835.XSHG,17.34,16.9,17.35,16.78,7238540.0,123183758.0,17.33,18.2,18.07,17.45
2019-08-29,600835.XSHG,17.24,17.25,17.39,17.1,7247159.0,124920946.0,17.9,18.42,18.07,17.41
2019-08-28,600835.XSHG,17.48,17.23,17.51,17.08,10332561.0,177971076.0,18.18,18.61,18.05,17.34
2019-08-27,600835.XSHG,17.56,17.54,17.82,17.34,17510525.0,306784411.0,18.51,18.8,18.04,17.3
2019-08-26,600835.XSHG,17.78,17.75,18.47,17.75,21555626.0,386296348.0,18.83,18.89,18.0,17.25
2019-08-23,600835.XSHG,18.85,19.71,19.87,18.84,19545871.0,380390722.0,19.06,18.96,17.92,17.2
2019-08-22,600835.XSHG,18.99,18.65,19.52,18.48,9952432.0,188599887.0,18.94,18.71,17.72,17.07
2019-08-21,600835.XSHG,19.04,18.92,19.09,18.67,5968829.0,112626712.0,19.05,18.56,17.58,16.97
2019-08-20,600835.XSHG,18.91,19.1,19.15,18.65,8672007.0,164214957.0,19.08,18.35,17.44,16.88
2019-08-19,600835.XSHG,19.28,18.92,19.28,18.59,14332057.0,270492617.0,18.96,18.13,17.25,16.78
2019-08-16,600835.XSHG,19.06,19.12,19.34,18.96,8511345.0,162634400.0,18.86,17.95,17.08,16.69
2019-08-15,600835.XSHG,18.53,19.2,19.27,18.49,10799945.0,203367036.0,18.48,17.71,16.9,16.6
2019-08-14,600835.XSHG,18.82,19.07,19.63,18.61,17253798.0,329144054.0,18.07,17.48,16.71,16.5
2019-08-13,600835.XSHG,18.2,18.47,18.83,18.11,9384593.0,173105607.0,17.62,17.27,16.55,16.42
2019-08-12,600835.XSHG,17.24,18.42,18.82,17.08,16034342.0,291173162.0,17.31,17.12,16.42,16.35
2019-08-09,600835.XSHG,17.19,17.25,17.65,17.08,12188608.0,211666363.0,17.04,16.87,16.31,16.28
2019-08-08,600835.XSHG,16.81,17.13,17.28,16.54,9013483.0,153365220.0,16.94,16.72,16.25,16.24
2019-08-07,600835.XSHG,17.1,16.85,17.32,16.64,10762559.0,181802407.0,16.9,16.61,16.18,16.2
2019-08-06,600835.XSHG,16.59,16.89,17.09,16.42,10117677.0,168946245.0,16.92,16.53,16.14,16.16
2019-08-05,600835.XSHG,16.82,17.09,17.7,16.56,17395493.0,300337554.0,16.93,16.38,16.11,16.13
2019-08-02,600835.XSHG,16.55,16.76,17.04,16.45,7148039.0,119592200.0,16.7,16.21,16.06,16.09
2019-08-01,600835.XSHG,17.08,16.91,17.1,16.76,6761372.0,114372575.0,16.5,16.1,16.05,16.05
2019-07-31,600835.XSHG,17.29,16.97,17.38,16.76,12559571.0,214063318.0,16.31,15.93,16.01,16.01
2019-07-30,600835.XSHG,16.18,16.91,17.13,16.18,13770385.0,231144091.0,16.13,15.82,15.99,15.94
2019-07-29,600835.XSHG,15.83,15.97,15.97,15.71,2562744.0,40574636.0,15.82,15.73,15.97,15.87
2019-07-26,600835.XSHG,15.95,15.74,15.96,15.67,2608636.0,41165280.0,15.71,15.75,15.99,15.82
2019-07-25,600835.XSHG,15.87,15.97,16.05,15.86,2500159.0,39824466.0,15.69,15.78,15.99,15.78
2019-07-24,600835.XSHG,15.46,16.05,16.1,15.42,5556851.0,87782386.0,15.54,15.76,15.99,15.74
2019-07-23,600835.XSHG,15.33,15.39,15.47,15.28,1885667.0,28973059.0,15.52,15.76,15.98,15.69
2019-07-22,600835.XSHG,15.89,15.39,15.89,15.36,2592116.0,40181841.0,15.63,15.84,16.0,15.67
2019-07-19,600835.XSHG,15.4,15.66,15.91,15.4,4569466.0,71579251.0,15.8,15.92,16.03,15.63
2019-07-18,600835.XSHG,15.81,15.23,15.82,15.23,4282493.0,66028924.0,15.86,16.0,16.03,15.57
2019-07-17,600835.XSHG,15.81,15.91,16.05,15.81,1633411.0,26028881.0,15.97,16.1,16.05,15.54
2019-07-16,600835.XSHG,16.16,15.98,16.2,15.86,2618266.0,41909438.0,16.01,16.15,16.0,15.5
2019-07-15,600835.XSHG,15.98,16.22,16.22,15.55,2958497.0,47311743.0,16.04,16.2,15.94,15.46
2019-07-12,600835.XSHG,15.92,15.98,16.1,15.76,2252739.0,35996963.0,16.04,16.22,15.85,15.44
2019-07-11,600835.XSHG,16.09,15.76,16.2,15.76,3145676.0,50115524.0,16.14,16.21,15.78,15.42
2019-07-10,600835.XSHG,16.28,16.11,16.5,15.95,3109880.0,50187808.0,16.23,16.22,15.72,15.41
2019-07-09,600835.XSHG,16.36,16.14,16.37,16.03,1801385.0,29102628.0,16.3,16.2,15.65,15.38
2019-07-08,600835.XSHG,16.55,16.22,16.57,16.03,4104825.0,66691676.0,16.37,16.17,15.59,15.36
2019-07-05,600835.XSHG,16.22,16.47,16.56,16.21,3620626.0,59495741.0,16.4,16.13,15.48,15.33
2019-07-04,600835.XSHG,16.47,16.21,16.71,16.12,5203305.0,85154437.0,16.28,16.07,15.35,15.3
2019-07-03,600835.XSHG,16.52,16.44,16.62,16.26,3688865.0,60537887.0,16.21,16.01,15.26,15.28
2019-07-02,600835.XSHG,16.38,16.49,16.77,16.33,8416891.0,139664879.0,16.1,15.85,15.17,15.25
2019-07-01,600835.XSHG,16.07,16.39,16.67,16.05,5655118.0,92334708.0,15.97,15.67,15.1,15.21
2019-06-28,600835.XSHG,16.04,15.86,16.07,15.74,3999921.0,63688642.0,15.86,15.49,15.04,15.15
2019-06-27,600835.XSHG,15.99,15.89,16.07,15.74,2799269.0,44517559.0,15.85,15.35,15.02,15.12
2019-06-26,600835.XSHG,15.77,15.88,16.0,15.59,3095210.0,49128437.0,15.8,15.23,15.0,15.09
2019-06-25,600835.XSHG,15.89,15.85,16.01,15.46,4637513.0,72825999.0,15.6,15.1,14.98,15.04
2019-06-24,600835.XSHG,15.94,15.84,15.95,15.67,2771631.0,43868429.0,15.37,15.0,14.96,15.0
2019-06-21,600835.XSHG,15.39,15.8,16.07,15.39,4956356.0,78479800.0,15.11,14.83,14.93,14.97
2019-06-20,600835.XSHG,15.12,15.62,15.72,15.12,7641873.0,118437805.0,14.85,14.63,14.91,14.92
2019-06-19,600835.XSHG,14.99,14.89,15.09,14.86,3346173.0,50135642.0,14.65,14.51,14.92,14.89
2019-06-18,600835.XSHG,14.43,14.68,14.75,14.43,2066629.0,30218713.0,14.61,14.5,14.94,14.89
2019-06-17,600835.XSHG,14.49,14.58,14.66,14.39,1549161.0,22549793.0,14.64,14.52,14.98,14.88
2019-06-14,600835.XSHG,14.62,14.49,14.74,14.49,1991571.0,29032195.0,14.54,14.6,14.98,14.92
2019-06-13,600835.XSHG,14.66,14.63,14.76,14.49,1671007.0,24441583.0,14.41,14.69,15.0,14.97
2019-06-12,600835.XSHG,14.98,14.66,14.98,14.53,3714429.0,54537726.0,14.37,14.77,15.02,15.02
2019-06-11,600835.XSHG,14.14,14.84,14.93,14.04,5702145.0,83377445.0,14.39,14.85,15.01,15.07
2019-06-10,600835.XSHG,13.87,14.07,14.17,13.85,3225312.0,45337293.0,14.4,14.92,15.0,15.13
2019-06-06,600835.XSHG,14.42,13.87,14.5,13.8,4874592.0,68436168.0,14.66,15.04,15.04,15.22
2019-06-05,600835.XSHG,14.95,14.42,14.95,14.4,3219914.0,47051830.0,14.97,15.19,15.07,15.32
2019-06-04,600835.XSHG,14.92,14.73,15.07,14.69,2404618.0,35677063.0,15.17,15.32,15.08,15.41
2019-06-03,600835.XSHG,15.29,14.92,15.36,14.71,3763636.0,56393834.0,15.31,15.39,15.08,15.49
2019-05-31,600835.XSHG,15.42,15.34,15.45,15.14,2847405.0,43467845.0,15.44,15.44,15.07,15.57
2019-05-30,600835.XSHG,15.42,15.42,15.6,15.14,3057910.0,46878224.0,15.43,15.35,15.08,15.64
2019-05-29,600835.XSHG,15.54,15.42,15.55,15.33,1590509.0,24566912.0,15.42,15.32,15.1,15.69
2019-05-28,600835.XSHG,15.55,15.45,15.63,15.42,1530560.0,23761127.0,15.47,15.26,15.14,15.75
2019-05-27,600835.XSHG,15.24,15.55,15.67,15.18,2255214.0,34954138.0,15.47,15.18,15.18,15.81
2019-05-24,600835.XSHG,15.42,15.3,15.47,15.15,1413673.0,21613586.0,15.45,15.08,15.24,15.89
2019-05-23,600835.XSHG,15.53,15.36,15.68,15.2,2001960.0,30718516.0,15.28,15.04,15.31,15.98
2019-05-22,600835.XSHG,15.42,15.68,15.73,15.34,3648924.0,56805839.0,15.22,14.94,15.39,16.06
2019-05-21,600835.XSHG,15.45,15.46,15.55,15.13,4094584.0,62897934.0,15.06,14.84,15.46,16.12
2019-05-20,600835.XSHG,14.48,15.45,15.63,14.48,7992693.0,121503324.0,14.88,14.78,15.54,16.19
2019-05-17,600835.XSHG,14.96,14.46,15.14,14.4,3220995.0,47453111.0,14.72,14.69,15.64,16.25
2019-05-16,600835.XSHG,14.88,15.03,15.12,14.86,2295082.0,34382233.0,14.8,14.81,15.78,16.34
2019-05-15,600835.XSHG,14.63,14.9,15.0,14.63,2842754.0,42139591.0,14.66,14.89,15.88,16.39
2019-05-14,600835.XSHG,14.47,14.57,14.75,14.42,2897008.0,42281251.0,14.61,15.02,15.99,16.42
2019-05-13,600835.XSHG,14.6,14.63,14.88,14.55,2369099.0,34747111.0,14.67,15.18,16.13,16.47
2019-05-10,600835.XSHG,14.47,14.87,14.89,14.38,4286098.0,63137872.0,14.66,15.39,16.29,16.51
2019-05-09,600835.XSHG,14.41,14.35,14.57,14.24,3418041.0,49248254.0,14.83,15.58,16.45,16.56
2019-05-08,600835.XSHG,14.58,14.64,14.86,14.52,2978443.0,43778189.0,15.12,15.83,16.62,16.62
2019-05-07,600835.XSHG,14.58,14.88,14.94,14.47,5510549.0,80655790.0,15.43,16.09,16.76,16.67
2019-05-06,600835.XSHG,14.49,14.56,14.95,14.34,8406002.0,122666274.0,15.68,16.31,16.89,16.71
2019-04-30,600835.XSHG,15.99,15.71,16.06,15.57,5071363.0,80026659.0,16.12,16.59,17.02,16.76
2019-04-29,600835.XSHG,16.06,15.82,16.29,15.8,5755590.0,92652763.0,16.34,16.75,17.11,16.79
2019-04-26,600835.XSHG,16.05,16.19,16.33,16.05,3428760.0,55527768.0,16.55,16.86,17.13,16.84
2019-04-25,600835.XSHG,16.72,16.14,16.78,16.09,5005198.0,82220553.0,16.75,16.95,17.12,16.85
2019-04-24,600835.XSHG,16.91,16.74,16.92,16.39,4563091.0,75956172.0,16.94,17.07,17.11,16.88
2019-04-23,600835.XSHG,16.85,16.81,16.97,16.72,4192969.0,70527634.0,17.06,17.18,17.07,16.89
2019-04-22,600835.XSHG,17.18,16.85,17.33,16.79,5216975.0,88834825.0,17.15,17.32,17.04,16.89
2019-04-19,600835.XSHG,17.06,17.21,17.24,16.99,4022696.0,68847132.0,17.17,17.4,17.01,16.87
2019-04-18,600835.XSHG,17.37,17.07,17.42,17.04,5024535.0,86507332.0,17.16,17.43,16.96,16.86
2019-04-17,600835.XSHG,17.35,17.34,17.44,17.2,5455246.0,94372645.0,17.21,17.48,16.91,16.86
2019-04-16,600835.XSHG,16.94,17.29,17.37,16.79,4666199.0,79773738.0,17.31,17.46,16.85,16.86
2019-04-15,600835.XSHG,17.55,16.93,17.62,16.92,6922616.0,119777298.0,17.49,17.47,16.82,16.85
2019-04-12,600835.XSHG,17.25,17.16,17.58,17.11,4823574.0,83473485.0,17.63,17.41,16.83,16.85
2019-04-11,600835.XSHG,17.74,17.32,17.89,17.18,10944031.0,191397697.0,17.69,17.28,16.8,16.84
2019-04-10,600835.XSHG,18.23,17.85,18.23,17.63,9448822.0,169371480.0,17.75,17.15,16.78,16.82
2019-04-09,600835.XSHG,17.73,18.18,18.32,17.55,13533120.0,244042110.0,17.61,16.96,16.74,16.78
2019-04-08,600835.XSHG,17.72,17.63,18.19,17.5,13833382.0,246130525.0,17.44,16.76,16.67,16.74
2019-04-04,600835.XSHG,17.59,17.49,17.89,17.43,8516255.0,149861573.0,17.18,16.63,16.61,16.7
2019-04-03,600835.XSHG,17.09,17.58,17.74,16.98,10064549.0,175194244.0,16.88,16.5,16.58,16.64
2019-04-02,600835.XSHG,17.27,17.19,17.63,17.11,10739019.0,186282598.0,16.56,16.34,16.56,16.59
2019-04-01,600835.XSHG,16.33,17.33,17.36,16.33,16096295.0,272748295.0,16.31,16.24,16.55,16.54
2019-03-29,600835.XSHG,15.97,16.33,16.34,15.89,10171555.0,164927082.0,16.08,16.17,16.54,16.5
2019-03-28,600835.XSHG,16.07,15.95,16.23,15.93,4486794.0,72077268.0,16.07,16.25,16.57,16.48
2019-03-27,600835.XSHG,16.03,16.01,16.11,15.87,4679954.0,74871219.0,16.12,16.32,16.62,16.49
2019-03-26,600835.XSHG,16.27,15.95,16.51,15.89,7897371.0,127849036.0,16.11,16.4,16.65,16.49
2019-03-25,600835.XSHG,16.07,16.18,16.53,15.94,8483312.0,138702466.0,16.17,16.51,16.69,16.49
2019-03-22,600835.XSHG,16.21,16.27,16.27,15.92,7326798.0,118070217.0,16.25,16.58,16.73,16.48
2019-03-21,600835.XSHG,16.04,16.17,16.23,16.02,8227691.0,132789892.0,16.43,16.58,16.73,16.46
2019-03-20,600835.XSHG,16.26,15.97,16.35,15.81,13454713.0,215246397.0,16.52,16.67,16.71,16.43
2019-03-19,600835.XSHG,16.5,16.26,16.55,16.22,13710830.0,224167709.0,16.7,16.78,16.71,16.41
2019-03-18,600835.XSHG,17.04,16.57,17.04,16.18,20752664.0,341288003.0,16.86,16.86,16.7,16.4
2019-03-15,600835.XSHG,16.72,17.18,17.81,16.67,11931114.0,205905116.0,16.91,16.9,16.67,16.38
2019-03-14,600835.XSHG,16.86,16.64,17.11,16.46,5424796.0,90731784.0,16.74,16.89,16.6,16.33
2019-03-13,600835.XSHG,16.9,16.86,17.13,16.72,7501377.0,127277065.0,16.82,16.92,16.58,16.28
2019-03-12,600835.XSHG,16.87,17.04,17.17,16.81,8036775.0,136818940.0,16.86,16.9,16.53,16.23
2019-03-11,600835.XSHG,16.39,16.83,16.88,16.39,5711845.0,95298350.0,16.86,16.86,16.47,16.17
2019-03-08,600835.XSHG,16.8,16.33,16.9,16.31,9141638.0,152052618.0,16.9,16.88,16.43,16.12
2019-03-07,600835.XSHG,17.05,17.02,17.13,16.79,8325758.0,141277885.0,17.05,16.88,16.4,16.08
2019-03-06,600835.XSHG,17.16,17.06,17.24,16.83,9232266.0,156808647.0,17.03,16.75,16.31,16.0
2019-03-05,600835.XSHG,16.9,17.08,17.16,16.8,6959495.0,118004498.0,16.93,16.65,16.23,15.94
2019-03-04,600835.XSHG,17.14,17.0,17.36,16.95,10363874.0,177649742.0,16.87,16.53,16.17,15.87
2019-03-01,600835.XSHG,17.01,17.07,17.18,16.7,5647324.0,95738019.0,16.86,16.44,16.12,15.79
2019-02-28,600835.XSHG,16.59,16.93,17.14,16.42,6017214.0,101449895.0,16.71,16.3,16.04,15.71
2019-02-27,600835.XSHG,16.79,16.59,16.95,16.55,4520137.0,75495833.0,16.47,16.23,15.96,15.64
2019-02-26,600835.XSHG,16.91,16.74,17.15,16.62,7729171.0,130366640.0,16.36,16.17,15.9,15.57
2019-02-25,600835.XSHG,16.52,16.97,16.98,16.4,8570615.0,143056848.0,16.2,16.08,15.82,15.5
2019-02-22,600835.XSHG,15.77,16.3,16.43,15.7,6140663.0,99252539.0,16.01,15.99,15.74,15.42
2019-02-21,600835.XSHG,16.01,15.77,16.12,15.73,3861237.0,61593946.0,15.9,15.92,15.68,15.35
2019-02-20,600835.XSHG,16.05,16.01,16.16,15.83,3149016.0,50482436.0,15.99,15.88,15.63,15.29
2019-02-19,600835.XSHG,16.12,15.94,16.3,15.78,3912329.0,62544410.0,15.99,15.81,15.58,15.22
2019-02-18,600835.XSHG,15.8,16.05,16.12,15.8,4743745.0,75917737.0,15.96,15.81,15.53,15.14
2019-02-15,600835.XSHG,16.2,15.74,16.23,15.7,3334861.0,53012332.0,15.96,15.8,15.47,15.07
2019-02-14,600835.XSHG,16.0,16.2,16.27,15.87,3455139.0,55674451.0,15.94,15.78,15.42,15.02
2019-02-13,600835.XSHG,15.88,16.01,16.13,15.74,3771021.0,60305377.0,15.77,15.7,15.34,14.96
2019-02-12,600835.XSHG,16.03,15.81,16.17,15.68,3542794.0,56347013.0,15.64,15.63,15.27,14.91
2019-02-11,600835.XSHG,15.74,16.02,16.09,15.74,2656036.0,42463091.0,15.67,15.56,15.22,14.85
2019-02-01,600835.XSHG,15.47,15.68,15.77,15.42,2280016.0,35681206.0,15.65,15.48,15.14,14.79
2019-01-31,600835.XSHG,15.44,15.32,15.6,15.19,2528134.0,38955219.0,15.61,15.43,15.07,14.74
2019-01-30,600835.XSHG,15.74,15.37,15.84,15.37,3046124.0,47415528.0,15.63,15.38,15.0,14.71
2019-01-29,600835.XSHG,16.02,15.94,16.17,15.61,4194670.0,66265670.0,15.62,15.35,14.92,14.68
2019-01-28,600835.XSHG,15.53,15.92,15.93,15.38,4066134.0,64104532.0,15.46,15.25,14.8,14.64
2019-01-25,600835.XSHG,15.29,15.52,15.64,15.29,1903780.0,29568328.0,15.32,15.13,14.71,14.6
2019-01-24,600835.XSHG,15.38,15.4,15.46,15.14,1792467.0,27541800.0,15.24,15.06,14.63,14.56
2019-01-23,600835.XSHG,15.11,15.31,15.44,15.07,2116395.0,32413846.0,15.14,14.99,14.59,14.53
2019-01-22,600835.XSHG,15.16,15.16,15.42,15.03,3885966.0,59033117.0,15.08,14.91,14.55,14.5
2019-01-21,600835.XSHG,15.09,15.23,15.3,15.09,1756820.0,26748224.0,15.04,14.87,14.5,14.48
2019-01-18,600835.XSHG,15.03,15.1,15.2,14.76,3677492.0,55164361.0,14.94,14.8,14.45,14.44
2019-01-17,600835.XSHG,15.07,14.9,15.11,14.86,2010417.0,30105828.0,14.87,14.71,14.39,14.43
2019-01-16,600835.XSHG,14.95,15.0,15.2,14.85,3066994.0,46152265.0,14.84,14.61,14.38,14.42
2019-01-15,600835.XSHG,14.75,14.95,15.03,14.7,2685518.0,40015954.0,14.75,14.5,14.35,14.4
2019-01-14,600835.XSHG,14.84,14.77,14.85,14.51,3089525.0,45439640.0,14.7,14.36,14.33,14.38
2019-01-11,600835.XSHG,14.77,14.75,14.9,14.59,1512794.0,22287526.0,14.65,14.28,14.33,14.37
2019-01-10,600835.XSHG,14.57,14.73,14.79,14.54,2219969.0,32597718.0,14.54,14.21,14.31,14.36
2019-01-09,600835.XSHG,14.72,14.54,14.81,14.53,2907892.0,42763863.0,14.38,14.18,14.3,14.36
2019-01-08,600835.XSHG,14.49,14.72,14.81,14.43,2424644.0,35554451.0,14.25,14.18,14.29,14.36
2019-01-07,600835.XSHG,14.23,14.52,14.62,14.13,2980113.0,43182844.0,14.01,14.13,14.28,14.35
2019-01-04,600835.XSHG,13.8,14.21,14.25,13.75,3159095.0,44510593.0,13.9,14.09,14.26,14.35
2019-01-03,600835.XSHG,13.94,13.92,14.21,13.81,2305700.0,32277121.0,13.88,14.08,14.28,14.38
2019-01-02,600835.XSHG,13.42,13.88,14.1,13.42,4289257.0,59650757.0,13.98,14.14,14.32,14.4
2018-12-28,600835.XSHG,13.98,13.51,13.98,13.45,3018191.0,41036094.0,14.11,14.2,14.36,14.43
2018-12-27,600835.XSHG,14.27,13.99,14.3,13.99,2655955.0,37413467.0,14.24,14.3,14.4,14.48
2018-12-26,600835.XSHG,14.24,14.08,14.43,13.99,2670752.0,37696385.0,14.29,14.38,14.42,14.5
2018-12-25,600835.XSHG,14.41,14.44,14.51,14.1,1504920.0,21514555.0,14.28,14.41,14.44,14.52
2018-12-24,600835.XSHG,14.18,14.55,14.55,14.12,1695102.0,24457762.0,14.3,14.41,14.45,14.52
2018-12-21,600835.XSHG,14.14,14.16,14.37,14.07,1484408.0,21124743.0,14.28,14.39,14.44,14.51
2018-12-20,600835.XSHG,13.88,14.2,14.24,13.86,2213210.0,31190578.0,14.36,14.43,14.46,14.5
2018-12-19,600835.XSHG,14.51,14.03,14.52,14.03,2937576.0,41830105.0,14.47,14.44,14.48,14.49
2018-12-18,600835.XSHG,14.37,14.57,14.64,14.37,1814488.0,26350155.0,14.54,14.49,14.53,14.5
2018-12-17,600835.XSHG,14.59,14.44,14.65,14.31,2083064.0,30201887.0,14.53,14.5,14.52,14.47
2018-12-14,600835.XSHG,14.65,14.56,14.9,14.53,3631587.0,53691891.0,14.51,14.52,14.55,14.46
2018-12-13,600835.XSHG,14.48,14.74,14.78,14.33,3558778.0,52010838.0,14.5,14.5,14.57,14.43
2018-12-12,600835.XSHG,14.51,14.39,14.64,14.31,1344859.0,19411419.0,14.4,14.46,14.57,14.39
2018-12-11,600835.XSHG,14.38,14.5,14.58,14.35,1282272.0,18570809.0,14.44,14.47,14.57,14.36
2018-12-10,600835.XSHG,14.53,14.34,14.67,14.33,1813528.0,26230304.0,14.46,14.49,14.57,14.32
2018-12-07,600835.XSHG,14.21,14.53,14.74,14.21,2886427.0,41995703.0,14.53,14.49,14.56,14.28
2018-12-06,600835.XSHG,14.51,14.26,14.54,14.16,2701617.0,38783459.0,14.5,14.48,14.54,14.23
2018-12-05,600835.XSHG,14.5,14.58,14.62,14.31,2086189.0,30235686.0,14.51,14.52,14.52,14.19
2018-12-04,600835.XSHG,14.69,14.61,14.76,14.49,2134281.0,31135076.0,14.49,14.57,14.5,14.13
2018-12-03,600835.XSHG,14.84,14.68,14.88,14.55,3664546.0,53873960.0,14.52,14.56,14.46,14.08
2018-11-30,600835.XSHG,14.34,14.35,14.44,14.04,2912304.0,41495284.0,14.46,14.59,14.43,14.03
2018-11-29,600835.XSHG,14.59,14.33,14.69,14.3,2848806.0,41287224.0,14.47,14.65,14.4,13.97
2018-11-28,600835.XSHG,14.72,14.48,14.78,14.33,3702654.0,53626988.0,14.53,14.68,14.36,13.9
2018-11-27,600835.XSHG,14.51,14.77,14.88,14.41,3191666.0,46977293.0,14.66,14.68,14.3,13.83
2018-11-26,600835.XSHG,14.43,14.35,14.54,14.24,2188159.0,31542636.0,14.59,14.64,14.23,13.75
2018-11-23,600835.XSHG,14.77,14.4,14.95,14.3,4096770.0,59706502.0,14.72,14.63,14.17,13.71
2018-11-22,600835.XSHG,15.18,14.66,15.18,14.56,4034996.0,59890932.0,14.83,14.6,14.11,13.67
2018-11-21,600835.XSHG,14.51,15.1,15.46,14.38,6170512.0,92469983.0,14.83,14.52,14.02,13.61
2018-11-20,600835.XSHG,14.77,14.43,15.0,14.4,3972615.0,58179703.0,14.71,14.43,13.91,13.58
2018-11-19,600835.XSHG,14.97,15.01,15.09,14.74,2372191.0,35436674.0,14.7,14.37,13.84,13.57
2018-11-16,600835.XSHG,14.59,14.97,15.22,14.53,4806692.0,71902240.0,14.55,14.26,13.75,13.54
2018-11-15,600835.XSHG,14.53,14.63,14.76,14.45,2762852.0,40408755.0,14.36,14.15,13.63,13.54
2018-11-14,600835.XSHG,14.33,14.5,14.6,14.25,3521122.0,51046119.0,14.22,14.03,13.5,13.54
2018-11-13,600835.XSHG,14.12,14.38,14.53,13.93,5181079.0,73924040.0,14.15,13.93,13.4,13.54
2018-11-12,600835.XSHG,13.98,14.26,14.33,13.88,3416305.0,48383420.0,14.04,13.81,13.31,13.55
2018-11-09,600835.XSHG,13.91,14.02,14.1,13.79,2370997.0,33070330.0,13.98,13.7,13.25,13.57
2018-11-08,600835.XSHG,14.25,13.92,14.39,13.88,3120512.0,44100062.0,13.95,13.62,13.2,13.59
2018-11-07,600835.XSHG,13.86,14.15,14.48,13.8,5397809.0,76799137.0,13.84,13.52,13.16,13.61
2018-11-06,600835.XSHG,13.75,13.87,14.07,13.66,2715597.0,37587982.0,13.71,13.4,13.16,13.62
2018-11-05,600835.XSHG,13.8,13.95,13.98,13.71,3654268.0,50598266.0,13.57,13.3,13.17,13.63
2018-11-02,600835.XSHG,13.79,13.84,13.86,13.56,3961209.0,54361512.0,13.42,13.23,13.18,13.64
2018-11-01,600835.XSHG,13.6,13.41,13.84,13.39,4909364.0,66905078.0,13.29,13.1,13.23,13.66
2018-10-31,600835.XSHG,13.15,13.46,13.47,13.15,2981077.0,39761416.0,13.2,12.98,13.29,13.68
2018-10-30,600835.XSHG,13.03,13.21,13.29,12.81,2426046.0,31747089.0,13.1,12.87,13.35,13.7
2018-10-29,600835.XSHG,13.19,13.16,13.26,13.03,1843593.0,24197582.0,13.03,12.81,13.42,13.73
2018-10-26,600835.XSHG,12.98,13.23,13.3,12.97,2735555.0,36057727.0,13.04,12.8,13.51,13.76
2018-10-25,600835.XSHG,12.71,12.93,12.95,12.62,1670920.0,21288400.0,12.91,12.79,13.58,13.8
2018-10-24,600835.XSHG,12.95,12.95,13.09,12.73,1620436.0,21001679.0,12.75,12.79,13.66,13.84
2018-10-23,600835.XSHG,13.11,12.9,13.33,12.82,2797334.0,36550907.0,12.65,12.92,13.73,13.9
2018-10-22,600835.XSHG,12.62,13.17,13.38,12.62,4169142.0,54550788.0,12.59,13.04,13.79,13.95
2018-10-19,600835.XSHG,12.02,12.6,12.6,11.91,3489720.0,43019857.0,12.57,13.14,13.85,13.98
2018-10-18,600835.XSHG,12.38,12.14,12.49,12.1,2802137.0,34123850.0,12.66,13.37,13.94,14.04
2018-10-17,600835.XSHG,12.81,12.44,12.81,12.35,2965844.0,37129783.0,12.83,13.6,14.04,14.12
2018-10-16,600835.XSHG,12.89,12.6,12.98,12.56,2474520.0,31401614.0,13.18,13.83,14.12,14.2
2018-10-15,600835.XSHG,13.08,13.06,13.1,12.61,4103298.0,52524260.0,13.5,14.04,14.19,14.26
2018-10-12,600835.XSHG,12.98,13.08,13.16,12.17,3615798.0,46163357.0,13.71,14.22,14.24,14.3
2018-10-11,600835.XSHG,13.88,12.99,13.97,12.79,4419859.0,59154122.0,14.07,14.37,14.3,14.34
2018-10-10,600835.XSHG,14.17,14.17,14.28,14.06,1481234.0,20984838.0,14.37,14.53,14.37,14.37
2018-10-09,600835.XSHG,14.14,14.18,14.29,14.1,1730119.0,24526393.0,14.48,14.55,14.4,14.38
2018-10-08,600835.XSHG,14.65,14.14,14.65,14.09,4556508.0,65125895.0,14.58,14.54,14.4,14.38
2018-09-28,600835.XSHG,14.56,14.86,14.95,14.56,3570840.0,52745177.0,14.73,14.56,14.4,14.38
2018-09-27,600835.XSHG,14.71,14.51,14.85,14.49,2286877.0,33430072.0,14.67,14.51,14.38,14.37
2018-09-26,600835.XSHG,14.67,14.72,14.89,14.65,2735422.0,40451222.0,14.69,14.47,14.38,14.37
2018-09-25,600835.XSHG,14.8,14.67,14.85,14.64,2216783.0,32601920.0,14.61,14.4,14.38,14.38
2018-09-21,600835.XSHG,14.59,14.88,14.99,14.55,4164325.0,61443216.0,14.5,14.34,14.37,14.39
2018-09-20,600835.XSHG,14.58,14.59,14.64,14.47,1562160.0,22720171.0,14.39,14.26,14.33,14.4
2018-09-19,600835.XSHG,14.3,14.57,14.7,14.23,3809190.0,55358312.0,14.34,14.23,14.32,14.42
2018-09-18,600835.XSHG,14.17,14.35,14.36,14.08,1848374.0,26306876.0,14.26,14.21,14.29,14.42
2018-09-17,600835.XSHG,14.26,14.13,14.3,14.09,1497858.0,21234480.0,14.2,14.25,14.3,14.44
2018-09-14,600835.XSHG,14.25,14.3,14.41,14.25,1783749.0,25575031.0,14.17,14.26,14.3,14.45
2018-09-13,600835.XSHG,14.23,14.34,14.43,14.18,2121641.0,30323891.0,14.14,14.25,14.29,14.47
2018-09-12,600835.XSHG,14.11,14.19,14.31,14.01,2336780.0,33174838.0,14.12,14.25,14.3,14.52
2018-09-11,600835.XSHG,14.02,14.02,14.16,13.95,1716809.0,24090769.0,14.15,14.29,14.32,14.6
2018-09-10,600835.XSHG,14.14,14.01,14.19,13.88,2615212.0,36716464.0,14.3,14.36,14.37,14.69
2018-09-07,600835.XSHG,14.3,14.12,14.49,13.94,3978167.0,56597888.0,14.35,14.41,14.42,14.78
2018-09-06,600835.XSHG,14.23,14.28,14.49,14.16,2121150.0,30436440.0,14.36,14.4,14.48,14.88
2018-09-05,600835.XSHG,14.64,14.33,14.76,14.31,3490644.0,50785829.0,14.38,14.4,14.51,14.98
2018-09-04,600835.XSHG,14.26,14.75,14.8,14.19,4528817.0,65882671.0,14.43,14.38,14.53,15.08
2018-09-03,600835.XSHG,14.12,14.26,14.33,14.04,2898925.0,41106911.0,14.42,14.35,14.54,15.17
2018-08-31,600835.XSHG,14.41,14.2,14.41,14.16,2460934.0,35122384.0,14.47,14.34,14.54,15.26
2018-08-30,600835.XSHG,14.56,14.35,14.72,14.27,3179985.0,45890647.0,14.44,14.34,14.58,15.35
2018-08-29,600835.XSHG,14.71,14.57,14.81,14.5,2552548.0,37296935.0,14.43,14.35,14.65,15.43
2018-08-28,600835.XSHG,14.48,14.71,14.86,14.48,4518585.0,66365715.0,14.34,14.35,14.75,15.5
2018-08-27,600835.XSHG,14.11,14.51,14.54,14.11,3398521.0,49008401.0,14.28,14.38,14.85,15.58
2018-08-24,600835.XSHG,14.22,14.08,14.25,14.02,2608920.0,36862866.0,14.22,14.44,14.96,15.67
2018-08-23,600835.XSHG,14.19,14.27,14.43,14.1,2738896.0,39108767.0,14.23,14.55,15.12,15.8
2018-08-22,600835.XSHG,14.38,14.12,14.47,14.12,2485012.0,35391305.0,14.26,14.62,15.26,15.91
2018-08-21,600835.XSHG,14.19,14.43,14.55,14.15,3206405.0,46135575.0,14.36,14.68,15.43,16.02
2018-08-20,600835.XSHG,14.11,14.18,14.26,13.86,3925357.0,55118391.0,14.47,14.73,15.57,16.12
2018-08-17,600835.XSHG,14.62,14.16,14.7,14.13,3412326.0,48815141.0,14.66,14.74,15.72,16.23
2018-08-16,600835.XSHG,14.49,14.43,14.61,14.3,2773443.0,40103604.0,14.86,14.82,15.86,16.32
2018-08-15,600835.XSHG,14.9,14.62,15.03,14.54,2861970.0,42287690.0,14.98,14.96,15.96,16.41
2018-08-14,600835.XSHG,15.0,14.95,15.27,14.89,3590634.0,54020468.0,15.01,15.15,16.08,16.5
2018-08-13,600835.XSHG,15.14,15.12,15.18,14.78,4868898.0,72830960.0,14.99,15.33,16.18,16.58
2018-08-10,600835.XSHG,15.01,15.19,15.27,15.01,2257556.0,34214913.0,14.81,15.49,16.29,16.66
2018-08-09,600835.XSHG,14.64,15.0,15.24,14.56,3641977.0,54730093.0,14.79,15.69,16.42,16.74
2018-08-08,600835.XSHG,14.81,14.77,15.02,14.64,3240266.0,47949395.0,14.95,15.9,16.55,16.81
2018-08-07,600835.XSHG,14.38,14.86,14.9,14.38,7793987.0,114126007.0,15.29,16.17,16.68,16.9
2018-08-06,600835.XSHG,14.9,14.25,15.14,14.19,6541521.0,95669314.0,15.67,16.42,16.82,16.98
2018-08-03,600835.XSHG,15.87,15.05,15.95,15.02,5201976.0,80032082.0,16.17,16.71,16.98,17.05
2018-08-02,600835.XSHG,16.48,15.81,16.48,15.66,4725520.0,75102719.0,16.59,16.89,17.07,17.1
2018-08-01,600835.XSHG,16.75,16.46,17.01,16.44,4669520.0,77658022.0,16.86,16.97,17.14,17.11
2018-07-31,600835.XSHG,16.79,16.8,16.95,16.72,2318749.0,38966969.0,17.05,17.01,17.17,17.14
2018-07-30,600835.XSHG,17.12,16.74,17.29,16.72,3632948.0,61406545.0,17.16,17.03,17.21,17.16
2018-07-27,600835.XSHG,17.03,17.12,17.37,17.03,1748095.0,30058982.0,17.25,17.1,17.25,17.19
2018-07-26,600835.XSHG,17.44,17.18,17.44,17.07,2122180.0,36558443.0,17.19,17.16,17.27,17.22
2018-07-25,600835.XSHG,17.47,17.4,17.5,17.32,1776835.0,30897316.0,17.08,17.2,17.26,17.26
2018-07-24,600835.XSHG,17.16,17.38,17.5,16.98,3174954.0,55017506.0,16.97,17.2,17.26,17.29
2018-07-23,600835.XSHG,16.79,17.15,17.16,16.36,1963346.0,33219239.0,16.89,17.23,17.26,17.31
2018-07-20,600835.XSHG,16.73,16.83,16.88,16.58,1784512.0,29853336.0,16.94,17.25,17.23,17.34
2018-07-19,600835.XSHG,16.82,16.62,17.01,16.59,1839121.0,30828976.0,17.13,17.25,17.21,17.38
2018-07-18,600835.XSHG,16.91,16.87,17.23,16.85,2347247.0,39924402.0,17.33,17.31,17.18,17.44
2018-07-17,600835.XSHG,17.34,16.99,17.43,16.81,2734138.0,46512183.0,17.43,17.34,17.2,17.48
2018-07-16,600835.XSHG,17.72,17.41,17.73,17.34,2130012.0,37167447.0,17.56,17.39,17.23,17.52
2018-07-13,600835.XSHG,17.63,17.74,17.76,17.5,3026590.0,53363339.0,17.55,17.4,17.24,17.54
2018-07-12,600835.XSHG,17.27,17.65,17.7,17.27,3363872.0,59100169.0,17.37,17.38,17.26,17.55
2018-07-11,600835.XSHG,17.45,17.34,17.46,16.99,2993169.0,51807532.0,17.29,17.32,17.29,17.56
2018-07-10,600835.XSHG,17.38,17.65,17.67,17.02,3872950.0,67421184.0,17.25,17.33,17.33,17.59
2018-07-09,600835.XSHG,16.98,17.38,17.39,16.91,2096222.0,36138891.0,17.22,17.29,17.36,17.63
2018-07-06,600835.XSHG,17.38,16.81,17.38,16.71,4182932.0,71094593.0,17.25,17.21,17.38,17.67
2018-07-05,600835.XSHG,17.25,17.26,17.61,17.23,3503738.0,61055696.0,17.39,17.16,17.45,17.74
2018-07-04,600835.XSHG,17.41,17.16,17.55,17.11,2657752.0,46174836.0,17.35,17.04,17.5,17.81
2018-07-03,600835.XSHG,17.51,17.49,17.77,16.99,2964200.0,51370419.0,17.4,17.06,17.56,17.88
2018-07-02,600835.XSHG,17.63,17.51,17.72,17.39,3201323.0,56279982.0,17.35,17.06,17.59,17.95
2018-06-29,600835.XSHG,17.1,17.51,17.59,16.93,3994127.0,69230376.0,17.17,17.09,17.61,18.01
2018-06-28,600835.XSHG,17.35,17.07,17.66,16.82,4274934.0,73567076.0,16.94,17.13,17.64,18.06
2018-06-27,600835.XSHG,17.26,17.43,17.53,17.08,4158200.0,72376313.0,16.73,17.25,17.69,18.14
2018-06-26,600835.XSHG,16.5,17.25,17.32,16.28,5101104.0,86553609.0,16.72,17.34,17.73,18.2
2018-06-25,600835.XSHG,16.47,16.57,16.77,16.26,3983354.0,66007398.0,16.77,17.43,17.8,18.26
2018-06-22,600835.XSHG,15.97,16.4,16.44,15.63,8858456.0,142006912.0,17.01,17.56,17.9,18.34
2018-06-21,600835.XSHG,17.37,16.02,17.41,15.97,10000667.0,164835939.0,17.33,17.73,18.03,18.43
2018-06-20,600835.XSHG,17.55,17.36,17.55,17.09,3404041.0,58985330.0,17.77,17.96,18.19,18.53
2018-06-19,600835.XSHG,17.35,17.52,17.63,16.8,5993888.0,103635016.0,17.95,18.06,18.29,18.59
2018-06-15,600835.XSHG,18.05,17.77,18.05,17.53,3535518.0,62736457.0,18.09,18.12,18.39,18.64
2018-06-14,600835.XSHG,18.38,17.96,18.38,17.88,4935521.0,89024820.0,18.11,18.14,18.47,18.65
2018-06-13,600835.XSHG,18.14,18.25,18.38,18.08,3981754.0,72775952.0,18.13,18.15,18.52,18.67
2018-06-12,600835.XSHG,18.31,18.25,18.33,17.91,3691762.0,66835309.0,18.14,18.12,18.58,18.68
2018-06-11,600835.XSHG,17.85,18.23,18.28,17.83,3015938.0,54697093.0,18.16,18.12,18.64,18.69
2018-06-08,600835.XSHG,18.0,17.88,18.2,17.81,2898937.0,52034652.0,18.15,18.16,18.67,18.71
2018-06-07,600835.XSHG,18.35,18.02,18.38,17.97,3500458.0,63455339.0,18.16,18.23,18.73,18.76
2018-06-06,600835.XSHG,18.28,18.33,18.38,18.23,1824156.0,33369353.0,18.17,18.34,18.78,18.79
2018-06-05,600835.XSHG,18.21,18.34,18.35,18.0,3186922.0,58026458.0,18.09,18.42,18.82,18.8
2018-06-04,600835.XSHG,17.85,18.18,18.21,17.85,1788516.0,32365735.0,18.08,18.53,18.86,18.8
2018-06-01,600835.XSHG,17.9,17.94,18.22,17.82,3975537.0,71562739.0,18.18,18.66,18.89,18.83
2018-05-31,600835.XSHG,17.99,18.06,18.11,17.73,7363401.0,131369555.0,18.3,18.79,18.91,18.88
2018-05-30,600835.XSHG,18.13,17.95,18.14,17.72,4293686.0,77091412.0,18.5,18.9,18.93,18.91
2018-05-29,600835.XSHG,18.67,18.25,18.68,18.22,4808651.0,88379894.0,18.74,19.04,18.96,18.96
2018-05-28,600835.XSHG,18.56,18.7,18.75,18.36,3381817.0,62882187.0,18.98,19.15,18.98,19.01
2018-05-25,600835.XSHG,19.11,18.56,19.11,18.49,3690186.0,69021615.0,19.13,19.18,18.99,19.04
2018-05-24,600835.XSHG,19.05,19.06,19.26,19.02,1864568.0,35674776.0,19.28,19.22,19.03,19.08
2018-05-23,600835.XSHG,19.24,19.15,19.45,19.12,2663018.0,51194163.0,19.3,19.23,19.02,19.1
2018-05-22,600835.XSHG,19.54,19.43,19.54,19.2,3106168.0,60057093.0,19.34,19.23,18.98,19.12
2018-05-21,600835.XSHG,19.39,19.47,19.55,19.28,3197444.0,62113346.0,19.33,19.2,18.94,19.14
2018-05-18,600835.XSHG,19.09,19.31,19.32,18.96,2492734.0,47768949.0,19.23,19.13,18.92,19.17
2018-05-17,600835.XSHG,19.24,19.12,19.44,19.03,3013675.0,57803016.0,19.16,19.02,18.92,19.21
2018-05-16,600835.XSHG,19.48,19.37,19.83,19.33,5913872.0,115972698.0,19.17,18.97,18.91,19.21
2018-05-15,600835.XSHG,18.97,19.38,19.41,18.94,4586066.0,88455635.0,19.12,18.88,18.92,19.21
2018-05-14,600835.XSHG,18.96,18.97,19.1,18.83,2370319.0,44953082.0,19.06,18.8,18.93,19.19
2018-05-11,600835.XSHG,19.17,18.96,19.21,18.87,2679321.0,50807828.0,19.03,18.8,18.96,19.18
2018-05-10,600835.XSHG,19.09,19.17,19.43,19.09,2661848.0,51228683.0,18.88,18.84,19.0,19.17
2018-05-09,600835.XSHG,18.95,19.1,19.27,18.88,3089654.0,59050659.0,18.76,18.81,19.04,19.14
2018-05-08,600835.XSHG,18.83,19.12,19.45,18.77,6667856.0,127516085.0,18.64,18.74,19.07,19.16
2018-05-07,600835.XSHG,18.43,18.78,18.92,18.35,4994294.0,93324460.0,18.54,18.68,19.12,19.19
2018-05-04,600835.XSHG,18.41,18.24,18.54,18.2,3998076.0,73192544.0,18.57,18.72,19.19,19.22
2018-05-03,600835.XSHG,18.48,18.57,18.58,18.09,5651365.0,103392307.0,18.79,18.82,19.3,19.27
2018-05-02,600835.XSHG,18.76,18.47,18.82,18.27,2823819.0,52276796.0,18.85,18.86,19.34,19.31
2018-04-27,600835.XSHG,18.98,18.64,19.16,18.53,3590337.0,67194733.0,18.85,18.97,19.38,19.37
2018-04-26,600835.XSHG,19.33,18.92,19.4,18.91,2728105.0,52350739.0,18.83,19.07,19.38,19.43
2018-04-25,600835.XSHG,18.81,19.34,19.44,18.73,3716498.0,71496161.0,18.86,19.13,19.38,19.49
2018-04-24,600835.XSHG,18.42,18.88,18.93,18.42,2655739.0,49886776.0,18.85,19.17,19.34,19.54
2018-04-23,600835.XSHG,18.52,18.45,18.73,18.21,2145493.0,39632011.0,18.86,19.27,19.31,19.6
2018-04-20,600835.XSHG,19.07,18.55,19.1,18.51,3125242.0,58425795.0,19.09,19.4,19.37,19.67
2018-04-19,600835.XSHG,19.24,19.1,19.3,18.89,3442506.0,65660609.0,19.31,19.55,19.44,19.72
2018-04-18,600835.XSHG,19.01,19.29,19.35,18.49,4268166.0,80828018.0,19.39,19.66,19.48,19.77
2018-04-17,600835.XSHG,19.62,18.92,19.62,18.9,3338203.0,64386939.0,19.48,19.79,19.5,19.8
2018-04-16,600835.XSHG,19.46,19.59,19.61,19.25,3128948.0,60863761.0,19.68,19.82,19.53,19.83
2018-04-13,600835.XSHG,19.55,19.63,19.83,19.55,2517809.0,49632147.0,19.7,19.78,19.57,19.87
2018-04-12,600835.XSHG,19.84,19.51,19.84,19.39,3243601.0,63470810.0,19.79,19.7,19.61,19.89
2018-04-11,600835.XSHG,20.07,19.76,20.13,19.69,3858067.0,76661048.0,19.94,19.63,19.66,19.93
2018-04-10,600835.XSHG,19.69,19.91,19.92,19.53,4372087.0,86221730.0,20.09,19.51,19.72,19.95
2018-04-09,600835.XSHG,19.92,19.69,20.07,19.57,4874673.0,96270163.0,19.96,19.36,19.77,19.94
2018-04-04,600835.XSHG,20.22,20.09,20.48,19.98,5012364.0,101367106.0,19.86,19.35,19.8,19.94
2018-04-03,600835.XSHG,20.3,20.24,20.43,19.96,9356161.0,188968920.0,19.6,19.33,19.8,19.93
2018-04-02,600835.XSHG,19.25,20.52,21.19,19.21,18499530.0,378029603.0,19.32,19.29,19.82,19.91
2018-03-30,600835.XSHG,19.37,19.26,19.61,19.1,4448749.0,86073430.0,18.93,19.21,19.8,19.87
2018-03-29,600835.XSHG,18.85,19.21,19.29,18.85,6671532.0,127688896.0,18.75,19.25,19.84,19.82
2018-03-28,600835.XSHG,18.67,18.77,18.99,18.56,4692223.0,88393914.0,18.84,19.36,19.91,19.8
2018-03-27,600835.XSHG,18.84,18.86,18.98,18.67,6268326.0,118026514.0,19.06,19.52,19.99,19.77
2018-03-26,600835.XSHG,18.22,18.57,18.59,18.0,3352259.0,61679749.0,19.26,19.7,20.07,19.74
2018-03-23,600835.XSHG,19.03,18.36,19.03,17.7,8173647.0,150832310.0,19.48,19.94,20.17,19.77
2018-03-22,600835.XSHG,19.93,19.66,20.02,19.65,2718314.0,53710555.0,19.74,20.19,20.23,19.8
2018-03-21,600835.XSHG,19.89,19.84,20.21,19.8,4557446.0,91451516.0,19.87,20.25,20.24,19.79
2018-03-20,600835.XSHG,19.66,19.87,20.06,19.49,3708291.0,73801274.0,19.97,20.28,20.23,19.83
2018-03-19,600835.XSHG,19.57,19.69,20.0,19.5,3464423.0,68522660.0,20.14,20.36,20.22,19.88
2018-03-16,600835.XSHG,20.39,19.64,20.54,19.6,6564087.0,130647665.0,20.39,20.39,20.2,19.92
2018-03-15,600835.XSHG,20.21,20.33,20.62,20.13,2947172.0,59929656.0,20.63,20.43,20.11,19.98
2018-03-14,600835.XSHG,20.59,20.33,20.73,20.29,3801553.0,77716213.0,20.62,20.46,20.02,20.01
2018-03-13,600835.XSHG,20.96,20.69,21.06,20.66,4432875.0,92585655.0,20.59,20.46,19.9,20.04
2018-03-12,600835.XSHG,20.93,20.96,21.07,20.61,6419589.0,134211420.0,20.57,20.45,19.77,20.05
2018-03-09,600835.XSHG,20.28,20.85,20.93,20.28,7730563.0,160435338.0,20.4,20.41,19.69,20.05
2018-03-08,600835.XSHG,20.28,20.28,20.46,20.09,2974135.0,60272965.0,20.24,20.28,19.61,20.05
2018-03-07,600835.XSHG,20.61,20.17,20.7,20.13,3926711.0,80074793.0,20.29,20.22,19.56,20.07
2018-03-06,600835.XSHG,20.25,20.61,20.71,20.14,5993741.0,122999455.0,20.33,20.17,19.6,20.08
2018-03-05,600835.XSHG,20.23,20.08,20.28,19.86,3629171.0,72806921.0,20.33,20.08,19.64,20.09
2018-03-02,600835.XSHG,20.39,20.04,20.42,20.02,4340138.0,87611715.0,20.41,20.0,19.69,20.11
2018-03-01,600835.XSHG,20.38,20.55,20.82,20.25,5263258.0,108235235.0,20.33,19.79,19.75,20.19
2018-02-28,600835.XSHG,20.45,20.35,20.53,20.21,4661234.0,94979657.0,20.16,19.58,19.79,20.26
2018-02-27,600835.XSHG,20.57,20.62,20.7,20.26,4996156.0,102396728.0,20.02,19.35,19.84,20.33
2018-02-26,600835.XSHG,19.61,20.51,20.55,19.56,8079656.0,163613648.0,19.84,19.08,19.85,20.39
2018-02-23,600835.XSHG,19.69,19.62,19.86,19.29,5225685.0,101946680.0,19.59,18.98,19.87,20.46
2018-02-22,600835.XSHG,19.81,19.69,19.92,19.51,4850760.0,95978465.0,19.25,18.94,19.93,20.59
2018-02-14,600835.XSHG,19.58,19.64,19.72,19.35,3485020.0,68192673.0,19.0,18.9,20.0,20.72
2018-02-13,600835.XSHG,19.48,19.73,19.74,19.23,8231271.0,160373928.0,18.68,19.04,20.04,20.85
2018-02-12,600835.XSHG,18.02,19.25,19.48,17.99,10599745.0,199543249.0,18.33,19.2,20.09,20.94
2018-02-09,600835.XSHG,17.96,17.95,18.14,17.53,8616537.0,154544217.0,18.37,19.38,20.17,21.04
2018-02-08,600835.XSHG,18.01,18.43,18.56,18.01,7523764.0,137499724.0,18.64,19.72,20.39,21.18
2018-02-07,600835.XSHG,18.38,18.04,18.48,17.57,9008520.0,162340146.0,18.79,20.0,20.6,21.35
2018-02-06,600835.XSHG,19.06,17.99,19.34,17.97,10811981.0,200308929.0,19.39,20.32,20.82,21.52
2018-02-05,600835.XSHG,19.12,19.42,19.51,19.04,6512720.0,125912201.0,20.07,20.6,21.05,21.72
2018-02-02,600835.XSHG,19.12,19.3,19.57,19.04,9088478.0,176077966.0,20.38,20.77,21.21,21.89
2018-02-01,600835.XSHG,21.01,19.22,21.15,19.04,20357990.0,400014300.0,20.8,20.92,21.41,22.09
2018-01-31,600835.XSHG,21.29,21.02,21.38,20.85,7472372.0,157650340.0,21.2,21.1,21.63,22.24
2018-01-30,600835.XSHG,20.93,21.38,21.47,20.8,7071475.0,150052139.0,21.26,21.04,21.76,22.35
2018-01-29,600835.XSHG,21.26,21.0,21.45,20.71,9509926.0,200451483.0,21.14,20.99,21.81,22.43
2018-01-26,600835.XSHG,21.29,21.37,21.53,21.15,7336530.0,156761437.0,21.15,20.96,21.87,22.56
2018-01-25,600835.XSHG,21.21,21.25,21.41,21.02,8849332.0,187654513.0,21.04,21.07,21.91,22.65
2018-01-24,600835.XSHG,20.66,21.29,21.35,20.66,10787509.0,226915062.0,21.0,21.2,22.02,22.75
2018-01-23,600835.XSHG,21.0,20.8,21.21,20.53,11245837.0,234096557.0,20.83,21.31,22.12,22.81
2018-01-22,600835.XSHG,20.68,21.05,21.19,20.33,9292349.0,193931271.0,20.83,21.49,22.28,22.85
2018-01-19,600835.XSHG,20.9,20.79,21.19,20.55,10557895.0,219740411.0,20.77,21.65,22.45,22.87
2018-01-18,600835.XSHG,20.8,21.06,21.48,20.71,13440088.0,283319325.0,21.1,21.9,22.68,22.91
2018-01-17,600835.XSHG,20.79,20.44,20.83,20.13,11413753.0,233791785.0,21.39,22.16,22.82,22.96
2018-01-16,600835.XSHG,20.56,20.83,21.06,20.4,13114030.0,272475497.0,21.79,22.47,23.0,23.01
2018-01-15,600835.XSHG,22.45,20.71,22.45,20.26,28047310.0,595921001.0,22.15,22.64,23.15,23.07
2018-01-12,600835.XSHG,22.48,22.46,22.79,22.26,8502463.0,191479299.0,22.53,22.79,23.35,23.14
2018-01-11,600835.XSHG,22.34,22.52,22.82,22.08,11058132.0,248890139.0,22.69,22.75,23.44,23.11
2018-01-10,600835.XSHG,22.41,22.42,23.08,22.0,15310992.0,344203610.0,22.93,22.85,23.53,23.09
2018-01-09,600835.XSHG,22.53,22.64,22.78,22.34,11441846.0,258142901.0,23.15,22.94,23.56,23.05
2018-01-08,600835.XSHG,23.07,22.61,23.15,22.32,17307820.0,389959875.0,23.13,23.06,23.53,22.99
2018-01-05,600835.XSHG,23.56,23.28,23.64,23.21,11218744.0,261862336.0,23.05,23.26,23.47,22.95
2018-01-04,600835.XSHG,23.54,23.7,23.74,23.2,13287941.0,311999631.0,22.8,23.45,23.41,22.87
2018-01-03,600835.XSHG,22.56,23.53,24.01,22.56,25315949.0,593343483.0,22.76,23.47,23.36,22.84
2018-01-02,600835.XSHG,22.21,22.53,22.82,22.18,16132923.0,363649104.0,22.73,23.52,23.28,22.82
2017-12-29,600835.XSHG,22.17,22.2,22.54,21.85,16914053.0,374993803.0,23.0,23.66,23.28,22.82
2017-12-28,600835.XSHG,23.32,22.04,23.54,21.91,22466662.0,513865998.0,23.46,23.92,23.32,22.79
2017-12-27,600835.XSHG,23.33,23.52,23.64,23.06,14678652.0,343744833.0,24.11,24.13,23.29,22.77
2017-12-26,600835.XSHG,23.79,23.34,24.12,22.68,24652018.0,573746079.0,24.18,24.22,23.21,22.69
2017-12-25,600835.XSHG,24.55,23.89,24.65,23.58,19223291.0,460517937.0,24.32,24.17,23.1,22.64
2017-12-22,600835.XSHG,24.99,24.53,25.26,24.18,20818020.0,512061703.0,24.32,24.0,22.95,22.58
2017-12-21,600835.XSHG,23.89,25.25,25.31,23.76,20324631.0,499834854.0,24.38,23.69,22.79,22.49
2017-12-20,600835.XSHG,23.84,23.88,24.85,23.58,20157472.0,490580711.0,24.15,23.37,22.58,22.38
2017-12-19,600835.XSHG,23.84,24.07,24.22,23.5,14450140.0,344392920.0,24.25,23.24,22.52,22.24
2017-12-18,600835.XSHG,24.56,23.89,24.68,23.68,17011059.0,410188398.0,24.02,23.03,22.46,22.1
2017-12-15,600835.XSHG,23.97,24.8,25.66,23.79,29361867.0,730359916.0,23.68,22.9,22.4,21.95
2017-12-14,600835.XSHG,24.38,24.09,24.38,23.65,20395712.0,489174170.0,23.01,22.72,22.23,21.76
2017-12-13,600835.XSHG,22.74,24.42,24.63,22.52,25529872.0,610542157.0,22.59,22.46,22.09,21.57
2017-12-12,600835.XSHG,22.2,22.92,23.4,22.16,22274160.0,508075943.0,22.23,22.2,21.93,21.37
2017-12-11,600835.XSHG,21.29,22.19,22.36,21.23,10437723.0,227174877.0,22.04,22.03,21.87,21.23
2017-12-08,600835.XSHG,21.84,21.42,21.97,21.14,13891355.0,298623841.0,22.12,21.89,21.87,21.11
2017-12-07,600835.XSHG,22.52,22.0,22.93,21.95,8946414.0,200069026.0,22.44,21.9,21.89,21.0
2017-12-06,600835.XSHG,22.01,22.61,22.63,21.58,13573411.0,300411574.0,22.34,21.8,21.88,20.87
2017-12-05,600835.XSHG,22.54,21.97,22.54,21.76,10947089.0,241699916.0,22.16,21.8,21.75,20.71
2017-12-04,600835.XSHG,22.91,22.62,22.91,22.23,10177457.0,229028692.0,22.02,21.9,21.63,20.56
2017-12-01,600835.XSHG,21.4,23.0,23.15,21.36,20970466.0,473525259.0,21.65,21.89,21.48,20.4
2017-11-30,600835.XSHG,21.51,21.48,22.19,21.35,11444437.0,249675137.0,21.35,21.73,21.28,20.22
2017-11-29,600835.XSHG,21.3,21.75,22.34,21.3,19473168.0,425299390.0,21.26,21.72,21.12,20.09
2017-11-28,600835.XSHG,20.79,21.25,21.37,20.68,8188675.0,172297575.0,21.44,21.67,20.96,19.94
2017-11-27,600835.XSHG,21.41,20.77,21.66,20.7,8780339.0,185687720.0,21.77,21.7,20.82,19.82
2017-11-24,600835.XSHG,21.06,21.5,21.74,21.06,10264299.0,220308117.0,22.13,21.86,20.72,19.72
2017-11-23,600835.XSHG,22.48,21.02,22.64,20.85,13971751.0,306212342.0,22.11,21.89,20.56,19.6
2017-11-22,600835.XSHG,22.78,22.67,23.15,22.12,12882940.0,291731455.0,22.17,21.97,20.41,19.5
2017-11-21,600835.XSHG,22.36,22.9,23.4,22.23,17268713.0,393077032.0,21.9,21.69,20.16,19.34
2017-11-20,600835.XSHG,20.93,22.56,22.88,20.35,23754351.0,518962998.0,21.64,21.36,19.89,19.18
2017-11-17,600835.XSHG,21.42,21.39,21.88,21.07,14523267.0,313293269.0,21.58,21.07,19.65,19.03
2017-11-16,600835.XSHG,21.21,21.34,21.51,21.12,9377727.0,200005119.0,21.68,20.84,19.47,18.91
2017-11-15,600835.XSHG,21.59,21.32,21.66,20.98,15495392.0,329319933.0,21.77,20.53,19.27,18.79
2017-11-14,600835.XSHG,22.34,21.58,22.34,21.53,18341503.0,400108620.0,21.48,20.24,19.08,18.67
2017-11-13,600835.XSHG,21.75,22.29,22.92,21.75,18602213.0,414501710.0,21.09,19.94,18.88,18.55
2017-11-10,600835.XSHG,21.84,21.85,22.63,21.71,24727103.0,544723882.0,20.56,19.58,18.65,18.4
2017-11-09,600835.XSHG,19.8,21.83,21.83,19.72,35627850.0,768056790.0,20.0,19.23,18.46,18.26
2017-11-08,600835.XSHG,19.71,19.84,20.23,19.51,9812759.0,195059826.0,19.29,18.84,18.26,18.13
2017-11-07,600835.XSHG,19.53,19.63,19.73,19.31,9889879.0,193190844.0,19.01,18.63,18.17,18.07
2017-11-06,600835.XSHG,19.08,19.63,19.66,18.94,16583345.0,322786363.0,18.8,18.43,18.09,18.01
2017-11-03,600835.XSHG,18.29,19.09,19.16,18.29,17057754.0,322225256.0,18.6,18.24,18.01,17.96
2017-11-02,600835.XSHG,18.39,18.26,18.5,18.12,4292237.0,78451058.0,18.45,18.1,17.94,17.92
2017-11-01,600835.XSHG,18.64,18.43,18.64,18.39,4281540.0,79066514.0,18.4,18.01,17.92,17.91
2017-10-31,600835.XSHG,18.58,18.58,18.71,18.37,5777021.0,107115671.0,18.25,17.91,17.89,17.9
2017-10-30,600835.XSHG,18.26,18.62,18.78,18.24,14587225.0,271411765.0,18.05,17.81,17.85,17.89
2017-10-27,600835.XSHG,18.08,18.35,18.73,17.91,15714516.0,290052642.0,17.88,17.73,17.81,17.87
2017-10-26,600835.XSHG,17.67,18.01,18.02,17.62,6466264.0,115576256.0,17.74,17.69,17.78,17.86
2017-10-25,600835.XSHG,17.56,17.69,17.79,17.46,2995022.0,52853230.0,17.62,17.68,17.78,17.87
2017-10-24,600835.XSHG,17.66,17.6,17.73,17.44,3235048.0,56678076.0,17.58,17.71,17.79,17.89
2017-10-23,600835.XSHG,17.72,17.76,17.8,17.62,3299653.0,58490185.0,17.57,17.75,17.8,17.91
2017-10-20,600835.XSHG,17.41,17.65,17.68,17.39,2815287.0,49528460.0,17.57,17.77,17.82,17.92
2017-10-19,600835.XSHG,17.44,17.41,17.55,17.35,3032842.0,52797728.0,17.63,17.79,17.84,17.93
2017-10-18,600835.XSHG,17.61,17.46,17.68,17.45,3474931.0,60947281.0,17.73,17.83,17.87,17.95
2017-10-17,600835.XSHG,17.74,17.58,17.74,17.57,3920646.0,69165462.0,17.84,17.87,17.9,17.96
2017-10-16,600835.XSHG,17.98,17.76,17.98,17.75,3415929.0,60832492.0,17.93,17.89,17.92,17.98
2017-10-13,600835.XSHG,17.94,17.94,17.96,17.87,2227550.0,39911922.0,17.97,17.89,17.95,17.99
2017-10-12,600835.XSHG,18.01,17.93,18.06,17.86,3129911.0,56220288.0,17.95,17.87,17.95,17.99
2017-10-11,600835.XSHG,18.03,18.01,18.04,17.92,3234983.0,58167285.0,17.92,17.87,17.96,17.99
2017-10-10,600835.XSHG,17.98,18.0,18.04,17.95,2838703.0,51090686.0,17.89,17.87,17.97,17.98
2017-10-09,600835.XSHG,17.93,17.97,18.1,17.93,3091456.0,55726484.0,17.86,17.86,17.98,17.98
2017-09-29,600835.XSHG,17.81,17.84,17.89,17.74,1888850.0,33707177.0,17.81,17.87,17.99,17.99
2017-09-28,600835.XSHG,17.89,17.76,17.93,17.73,2057944.0,36602232.0,17.8,17.88,17.99,17.99
2017-09-27,600835.XSHG,17.84,17.89,17.96,17.76,2150526.0,38518264.0,17.83,17.91,18.01,18.0
2017-09-26,600835.XSHG,17.75,17.83,17.9,17.73,1060005.0,18867018.0,17.84,17.93,18.01,17.99
2017-09-25,600835.XSHG,17.88,17.75,17.89,17.73,2202986.0,39249768.0,17.86,17.95,18.02,17.99
2017-09-22,600835.XSHG,17.87,17.75,17.92,17.74,3324654.0,59152737.0,17.92,18.0,18.04,17.99
2017-09-21,600835.XSHG,17.96,17.92,18.0,17.9,2533974.0,45473026.0,17.97,18.03,18.05,17.99
2017-09-20,600835.XSHG,17.89,17.96,18.0,17.87,2909224.0,52161973.0,17.98,18.05,18.04,17.99
2017-09-19,600835.XSHG,18.06,17.92,18.07,17.87,2830756.0,50843747.0,18.01,18.08,18.04,17.99
2017-09-18,600835.XSHG,18.0,18.03,18.04,17.96,2245587.0,40420128.0,18.05,18.11,18.05,18.0
2017-09-15,600835.XSHG,18.0,18.0,18.07,17.96,2206392.0,39694871.0,18.08,18.12,18.05,18.0
2017-09-14,600835.XSHG,18.1,18.01,18.1,17.99,2481874.0,44766484.0,18.09,18.11,18.04,18.02
2017-09-13,600835.XSHG,18.1,18.1,18.12,18.02,2550884.0,46067004.0,18.11,18.1,18.04,18.05
2017-09-12,600835.XSHG,18.15,18.09,18.21,18.02,5039984.0,91105551.0,18.15,18.1,18.02,18.07
2017-09-11,600835.XSHG,18.07,18.21,18.27,18.03,4356451.0,79193721.0,18.17,18.08,18.01,18.1
2017-09-08,600835.XSHG,18.1,18.06,18.1,18.0,3969678.0,71587064.0,18.15,18.07,17.99,18.13
2017-09-07,600835.XSHG,18.26,18.1,18.33,18.08,4730834.0,85874580.0,18.12,18.07,17.97,18.16
2017-09-06,600835.XSHG,18.21,18.27,18.29,18.08,3795720.0,69073029.0,18.1,18.04,17.96,18.18
2017-09-05,600835.XSHG,18.15,18.21,18.32,18.11,7300931.0,133193222.0,18.05,18.01,17.95,18.21
2017-09-04,600835.XSHG,17.98,18.11,18.16,17.9,5896945.0,106436550.0,18.0,17.99,17.95,18.24
2017-09-01,600835.XSHG,18.03,17.9,18.08,17.84,7108253.0,127284886.0,18.0,17.98,17.94,18.28
2017-08-31,600835.XSHG,18.04,18.0,18.08,17.85,4396791.0,78880406.0,18.01,17.97,17.98,18.33
2017-08-30,600835.XSHG,17.92,18.04,18.09,17.9,3598441.0,64750436.0,17.98,17.97,18.03,18.37
2017-08-29,600835.XSHG,18.13,17.93,18.19,17.87,4575395.0,82405642.0,17.96,17.95,18.06,18.4
2017-08-28,600835.XSHG,18.0,18.11,18.19,18.0,4732911.0,85707935.0,17.98,17.94,18.11,18.42
2017-08-25,600835.XSHG,17.81,17.99,18.02,17.81,3472620.0,62369529.0,17.95,17.91,18.16,18.44
2017-08-24,600835.XSHG,17.98,17.85,17.98,17.81,2954853.0,52835627.0,17.93,17.88,18.2,18.47
2017-08-23,600835.XSHG,17.99,17.93,18.07,17.89,2601231.0,46695516.0,17.96,17.88,18.26,18.52
2017-08-22,600835.XSHG,18.0,18.0,18.08,17.89,4016900.0,72246763.0,17.94,17.9,18.31,18.55
2017-08-21,600835.XSHG,17.88,18.0,18.01,17.85,6017966.0,107911647.0,17.9,17.91,18.37,18.58
2017-08-18,600835.XSHG,18.0,17.86,18.05,17.81,5870416.0,105080375.0,17.87,17.91,18.44,18.61
2017-08-17,600835.XSHG,17.74,18.03,18.1,17.73,6009532.0,108165227.0,17.83,17.98,18.51,18.65
2017-08-16,600835.XSHG,17.81,17.79,17.84,17.69,3852327.0,68436586.0,17.8,18.08,18.57,18.68
2017-08-15,600835.XSHG,17.89,17.81,17.91,17.75,2998148.0,53420403.0,17.86,18.17,18.62,18.72
2017-08-14,600835.XSHG,17.68,17.84,17.91,17.68,2842366.0,50664417.0,17.92,18.29,18.67,18.75
2017-08-11,600835.XSHG,17.72,17.7,17.9,17.69,3740392.0,66464709.0,17.96,18.42,18.7,18.8
2017-08-10,600835.XSHG,18.1,17.84,18.11,17.72,5480508.0,98049647.0,18.13,18.52,18.77,18.84
2017-08-09,600835.XSHG,18.06,18.09,18.17,18.0,3111724.0,56252512.0,18.36,18.63,18.84,18.89
2017-08-08,600835.XSHG,18.08,18.11,18.22,17.99,4232020.0,76648074.0,18.49,18.73,18.88,18.92
2017-08-07,600835.XSHG,18.4,18.07,18.48,18.0,8553120.0,155000890.0,18.66,18.84,18.91,18.96
2017-08-04,600835.XSHG,19.11,18.52,19.11,18.5,6177385.0,115877182.0,18.87,18.96,18.96,18.99
2017-08-03,600835.XSHG,18.77,19.02,19.1,18.68,6034799.0,114551579.0,18.92,19.04,18.99,19.01
2017-08-02,600835.XSHG,19.02,18.73,19.05,18.68,5214152.0,98149140.0,18.91,19.06,18.98,19.0
2017-08-01,600835.XSHG,19.15,18.96,19.19,18.83,7097664.0,135126379.0,18.96,19.07,18.99,19.0
2017-07-31,600835.XSHG,18.72,19.13,19.19,18.65,5808709.0,109811777.0,19.01,19.04,18.98,18.98
2017-07-28,600835.XSHG,18.94,18.74,18.98,18.71,5398032.0,101581678.0,19.05,18.99,18.98,18.95
2017-07-27,600835.XSHG,18.89,18.97,19.0,18.68,3877575.0,73043709.0,19.16,19.02,19.01,18.94
2017-07-26,600835.XSHG,19.21,19.0,19.21,18.81,4854277.0,92133898.0,19.2,19.04,19.02,18.93
2017-07-25,600835.XSHG,19.35,19.21,19.38,19.07,3669433.0,70456936.0,19.17,19.03,19.02,18.91
2017-07-24,600835.XSHG,19.33,19.35,19.45,19.06,6821205.0,131623748.0,19.08,18.99,19.02,18.89
2017-07-21,600835.XSHG,19.2,19.26,19.36,19.12,7571393.0,145960881.0,18.92,18.97,19.01,18.86
2017-07-20,600835.XSHG,18.8,19.2,19.25,18.76,7487999.0,142989773.0,18.88,18.94,18.99,18.82
2017-07-19,600835.XSHG,18.61,18.84,18.87,18.54,5251665.0,98174587.0,18.88,18.9,18.97,18.8
2017-07-18,600835.XSHG,18.52,18.75,18.75,18.52,3264509.0,60931328.0,18.89,18.91,18.96,18.78
2017-07-17,600835.XSHG,19.07,18.56,19.16,18.5,7344556.0,138141655.0,18.9,18.92,18.94,18.76
2017-07-14,600835.XSHG,19.17,19.07,19.32,19.01,4400450.0,84302750.0,19.01,18.98,18.94,18.73
2017-07-13,600835.XSHG,18.98,19.18,19.32,18.93,7398524.0,141786351.0,18.99,18.99,18.91,18.69
2017-07-12,600835.XSHG,18.68,18.91,18.97,18.68,5067746.0,95450814.0,18.92,18.99,18.87,18.64
2017-07-11,600835.XSHG,19.21,18.78,19.21,18.77,3514340.0,66601636.0,18.93,19.0,18.85,18.6
2017-07-10,600835.XSHG,18.94,19.12,19.27,18.84,5875393.0,112232820.0,18.94,19.04,18.84,18.58
2017-07-07,600835.XSHG,18.77,18.97,19.0,18.77,3895189.0,73510489.0,18.95,19.05,18.8,18.54
2017-07-06,600835.XSHG,18.96,18.81,19.0,18.69,4884288.0,92108163.0,18.99,19.04,18.77,18.49
2017-07-05,600835.XSHG,18.85,18.96,18.97,18.79,5459007.0,103054330.0,19.07,19.05,18.75,18.45
2017-07-04,600835.XSHG,19.08,18.85,19.14,18.8,3867804.0,73154202.0,19.07,19.01,18.72,18.4
2017-07-03,600835.XSHG,19.22,19.15,19.35,19.07,3492155.0,67005050.0,19.14,18.97,18.67,18.36
2017-06-30,600835.XSHG,19.21,19.16,19.29,19.03,3666501.0,70176687.0,19.16,18.89,18.61,18.3
2017-06-29,600835.XSHG,18.96,19.22,19.27,18.85,3370740.0,64323423.0,19.1,18.82,18.55,18.26
2017-06-28,600835.XSHG,19.05,18.96,19.18,18.94,4393976.0,83682394.0,19.03,18.75,18.47,18.21
2017-06-27,600835.XSHG,19.16,19.22,19.34,19.05,3806406.0,72976767.0,18.95,18.7,18.4,18.16
2017-06-26,600835.XSHG,18.78,19.22,19.44,18.75,7962767.0,152502216.0,18.79,18.64,18.35,18.11
2017-06-23,600835.XSHG,18.61,18.87,18.99,18.61,9391219.0,176653122.0,18.63,18.55,18.28,18.05
2017-06-22,600835.XSHG,18.48,18.89,19.78,18.47,12843369.0,244473665.0,18.55,18.49,18.22,18.0
2017-06-21,600835.XSHG,18.39,18.55,18.8,18.29,4972650.0,91952206.0,18.47,18.45,18.14,17.97
2017-06-20,600835.XSHG,18.34,18.42,18.52,18.32,1915339.0,35315531.0,18.46,18.42,18.09,17.96
2017-06-19,600835.XSHG,18.4,18.42,18.54,18.27,3350835.0,61532190.0,18.49,18.38,18.05,17.96
2017-06-16,600835.XSHG,18.43,18.48,18.58,18.42,1505300.0,27827075.0,18.46,18.33,18.01,17.97
2017-06-15,600835.XSHG,18.42,18.49,18.74,18.42,3786121.0,70459630.0,18.43,18.27,17.98,17.98
2017-06-14,600835.XSHG,18.56,18.47,18.6,18.39,2087030.0,38626037.0,18.43,18.18,17.94,17.99
2017-06-13,600835.XSHG,18.29,18.57,18.61,18.28,4400091.0,81543394.0,18.39,18.11,17.89,18.0
2017-06-12,600835.XSHG,18.33,18.3,18.44,18.27,2682283.0,49251631.0,18.27,18.06,17.84,18.01
2017-06-09,600835.XSHG,18.5,18.33,18.53,18.28,4044481.0,74316917.0,18.19,18.02,17.8,18.02
2017-06-08,600835.XSHG,18.19,18.5,18.54,18.13,4463430.0,81883567.0,18.11,17.94,17.76,18.04
2017-06-07,600835.XSHG,17.96,18.25,18.26,17.91,3758892.0,68144583.0,17.93,17.83,17.73,18.06
2017-06-06,600835.XSHG,17.89,17.97,18.01,17.83,2082323.0,37358680.0,17.82,17.76,17.73,18.11
2017-06-05,600835.XSHG,18.05,17.92,18.07,17.82,2625142.0,47070967.0,17.85,17.72,17.75,18.16
2017-06-02,600835.XSHG,17.6,17.89,17.91,17.56,3863540.0,68515309.0,17.84,17.69,17.79,18.2
2017-06-01,600835.XSHG,17.75,17.6,17.9,17.54,3216563.0,56817366.0,17.78,17.68,17.84,18.23
2017-05-31,600835.XSHG,18.1,17.74,18.24,17.65,6339104.0,113830485.0,17.74,17.7,17.89,18.29
2017-05-26,600835.XSHG,17.85,18.08,18.24,17.73,6358258.0,114608792.0,17.7,17.68,17.94,18.35
2017-05-25,600835.XSHG,17.56,17.9,17.96,17.41,4467813.0,79107515.0,17.6,17.62,17.98,18.4
2017-05-24,600835.XSHG,17.47,17.56,17.57,17.33,2055987.0,35956167.0,17.55,17.58,18.03,18.44
2017-05-23,600835.XSHG,17.45,17.43,17.53,17.37,3322060.0,57994845.0,17.59,17.57,18.09,18.49
2017-05-22,600835.XSHG,17.61,17.51,17.65,17.44,2315924.0,40602678.0,17.65,17.63,18.17,18.55
2017-05-19,600835.XSHG,17.53,17.61,17.69,17.45,3090383.0,54248094.0,17.66,17.7,18.28,18.61
2017-05-18,600835.XSHG,17.69,17.62,17.88,17.59,2501237.0,44309429.0,17.65,17.78,18.38,18.66
2017-05-17,600835.XSHG,17.65,17.8,17.87,17.62,3022736.0,53805901.0,17.62,17.9,18.45,18.72
2017-05-16,600835.XSHG,17.56,17.7,17.72,17.21,7575436.0,131892667.0,17.55,17.99,18.51,18.77
2017-05-15,600835.XSHG,17.56,17.56,17.7,17.51,1572379.0,27660801.0,17.6,18.09,18.59,18.81
2017-05-12,600835.XSHG,17.54,17.55,17.73,17.4,3624399.0,63571313.0,17.75,18.2,18.68,18.86
2017-05-11,600835.XSHG,17.45,17.49,17.65,17.25,4489322.0,78147136.0,17.91,18.33,18.79,18.91
2017-05-10,600835.XSHG,17.97,17.45,18.07,17.43,5697447.0,100925631.0,18.17,18.47,18.87,18.96
2017-05-09,600835.XSHG,18.31,17.97,18.31,17.69,6165838.0,110598529.0,18.43,18.62,18.95,19.02
2017-05-08,600835.XSHG,18.45,18.28,18.55,18.27,3114307.0,57316048.0,18.57,18.72,19.01,19.05
2017-05-05,600835.XSHG,18.75,18.37,18.76,18.36,3297150.0,61137730.0,18.66,18.86,19.06,19.07
2017-05-04,600835.XSHG,18.76,18.78,18.85,18.55,2541572.0,47555350.0,18.76,18.98,19.11,19.08
2017-05-03,600835.XSHG,18.58,18.76,18.88,18.54,3617246.0,67750670.0,18.77,19.0,19.13,19.08
2017-05-02,600835.XSHG,18.7,18.66,18.84,18.43,4681739.0,87113847.0,18.8,19.03,19.15,19.07
2017-04-28,600835.XSHG,18.78,18.74,18.81,18.52,3467824.0,64749975.0,18.87,19.09,19.17,19.06
2017-04-27,600835.XSHG,18.89,18.84,18.95,18.2,7690826.0,143462788.0,19.05,19.16,19.19,19.05
2017-04-26,600835.XSHG,18.94,18.83,19.13,18.77,6505434.0,123109199.0,19.2,19.25,19.2,19.03
2017-04-25,600835.XSHG,19.1,18.93,19.4,18.86,4802552.0,91862052.0,19.24,19.27,19.21,19.01
2017-04-24,600835.XSHG,19.59,19.02,19.67,19.01,6729683.0,129720242.0,19.26,19.29,19.22,18.98
2017-04-21,600835.XSHG,19.49,19.65,19.85,19.43,8228209.0,162374649.0,19.31,19.31,19.21,18.96
2017-04-20,600835.XSHG,18.94,19.58,19.66,18.76,10714912.0,206759464.0,19.27,19.26,19.17,18.92
2017-04-19,600835.XSHG,18.85,19.0,19.15,18.85,5178485.0,98477308.0,19.29,19.23,19.13,18.89
2017-04-18,600835.XSHG,19.33,19.03,19.57,19.02,6051433.0,117023658.0,19.3,19.26,19.12,18.88
2017-04-17,600835.XSHG,19.4,19.29,19.49,19.1,5558240.0,107044326.0,19.32,19.28,19.09,18.85
2017-04-14,600835.XSHG,19.67,19.43,19.67,19.39,6959615.0,135978863.0,19.3,19.24,19.05,18.82
2017-04-13,600835.XSHG,19.06,19.72,19.78,19.01,13787174.0,269640982.0,19.25,19.23,18.99,18.79
2017-04-12,600835.XSHG,19.08,19.02,19.2,18.87,4851912.0,92527116.0,19.17,19.15,18.92,18.74
2017-04-11,600835.XSHG,19.16,19.13,19.38,18.78,6249833.0,119013860.0,19.23,19.16,18.88,18.72
2017-04-10,600835.XSHG,19.11,19.21,19.31,19.0,5338138.0,102177980.0,19.24,19.15,18.83,18.7
2017-04-07,600835.XSHG,19.33,19.19,19.33,18.98,6614137.0,126763668.0,19.18,19.12,18.79,18.68
2017-04-06,600835.XSHG,19.37,19.32,19.37,19.23,5277004.0,101833774.0,19.2,19.08,18.75,18.66
2017-04-05,600835.XSHG,19.27,19.31,19.4,19.11,9381874.0,181011061.0,19.12,19.03,18.71,18.64
2017-03-31,600835.XSHG,18.89,19.18,19.28,18.89,7289377.0,139512118.0,19.08,18.97,18.68,18.62
2017-03-30,600835.XSHG,19.17,18.92,19.25,18.85,7317972.0,139024395.0,19.05,18.9,18.64,18.59
2017-03-29,600835.XSHG,18.93,19.25,19.38,18.86,10520668.0,202047300.0,19.06,18.85,18.61,18.58
2017-03-28,600835.XSHG,19.16,18.93,19.21,18.84,6362284.0,120671698.0,18.97,18.75,18.57,18.57
2017-03-27,600835.XSHG,19.06,19.14,19.41,18.99,8739139.0,167717430.0,18.95,18.69,18.54,18.56
2017-03-24,600835.XSHG,18.99,19.03,19.31,18.87,10923261.0,208759832.0,18.86,18.61,18.5,18.54
2017-03-23,600835.XSHG,18.83,18.94,18.98,18.71,9509521.0,179348007.0,18.74,18.52,18.48,18.52
2017-03-22,600835.XSHG,18.71,18.83,19.02,18.68,9446292.0,178141678.0,18.64,18.45,18.46,18.5
2017-03-21,600835.XSHG,18.73,18.81,18.86,18.61,6862706.0,128716097.0,18.53,18.42,18.45,18.49
2017-03-20,600835.XSHG,18.45,18.71,18.89,18.45,12216460.0,228692918.0,18.43,18.4,18.44,18.48
2017-03-17,600835.XSHG,18.51,18.4,18.61,18.34,5092930.0,94173465.0,18.35,18.39,18.44,18.47
2017-03-16,600835.XSHG,18.35,18.44,18.45,18.31,3688681.0,67813327.0,18.3,18.38,18.44,18.46
2017-03-15,600835.XSHG,18.25,18.3,18.33,18.19,1850086.0,33813689.0,18.27,18.37,18.45,18.45
2017-03-14,600835.XSHG,18.28,18.3,18.36,18.09,3849571.0,70167621.0,18.31,18.38,18.48,18.44
2017-03-13,600835.XSHG,18.14,18.31,18.34,18.01,3544408.0,64525624.0,18.36,18.38,18.49,18.43
2017-03-10,600835.XSHG,18.28,18.15,18.33,18.15,2881581.0,52519066.0,18.42,18.4,18.5,18.42
2017-03-09,600835.XSHG,18.45,18.28,18.54,18.27,3129766.0,57358210.0,18.46,18.44,18.52,18.42
2017-03-08,600835.XSHG,18.47,18.52,18.63,18.47,2775349.0,51474449.0,18.47,18.47,18.52,18.42
2017-03-07,600835.XSHG,18.69,18.54,18.69,18.46,3633690.0,67318382.0,18.45,18.48,18.52,18.4
2017-03-06,600835.XSHG,18.36,18.63,18.63,18.34,5595164.0,103693172.0,18.41,18.49,18.52,18.37
2017-03-03,600835.XSHG,18.27,18.32,18.39,18.25,2387724.0,43709607.0,18.38,18.5,18.51,18.35
2017-03-02,600835.XSHG,18.48,18.32,18.55,18.31,4106549.0,75692058.0,18.42,18.5,18.49,18.33
2017-03-01,600835.XSHG,18.35,18.42,18.54,18.31,2743824.0,50632189.0,18.48,18.54,18.49,18.31
2017-02-28,600835.XSHG,18.49,18.36,18.57,18.26,5168553.0,94897833.0,18.51,18.57,18.47,18.28
2017-02-27,600835.XSHG,18.55,18.46,18.61,18.39,3243001.0,60030971.0,18.58,18.6,18.45,18.26
2017-02-24,600835.XSHG,18.65,18.55,18.65,18.47,3343341.0,61977156.0,18.62,18.6,18.43,18.24
2017-02-23,600835.XSHG,18.55,18.6,18.67,18.48,3135422.0,58195833.0,18.59,18.59,18.42,18.22
2017-02-22,600835.XSHG,18.67,18.6,18.7,18.55,3326019.0,61880290.0,18.6,18.58,18.39,18.19
2017-02-21,600835.XSHG,18.7,18.67,18.71,18.48,3821008.0,71135478.0,18.63,18.57,18.36,18.16
2017-02-20,600835.XSHG,18.4,18.69,18.7,18.36,5372744.0,99780571.0,18.62,18.55,18.32,18.13
2017-02-17,600835.XSHG,18.68,18.37,18.71,18.34,5242503.0,97011463.0,18.58,18.52,18.27,
2017-02-16,600835.XSHG,18.86,18.65,18.86,18.52,5017140.0,93622579.0,18.6,18.48,18.24,
2017-02-15,600835.XSHG,18.64,18.76,19.03,18.63,9668084.0,182115440.0,18.56,18.43,18.19,
2017-02-14,600835.XSHG,18.52,18.64,18.7,18.52,4580666.0,85321364.0,18.51,18.37,18.14,
2017-02-13,600835.XSHG,18.49,18.49,18.75,18.41,5842190.0,108686082.0,18.47,18.3,18.1,
2017-02-10,600835.XSHG,18.45,18.44,18.49,18.33,4279788.0,78753717.0,18.46,18.26,18.06,
2017-02-09,600835.XSHG,18.47,18.45,18.55,18.33,3655181.0,67349413.0,18.37,18.24,18.03,
2017-02-08,600835.XSHG,18.46,18.52,18.58,18.29,4028304.0,74207999.0,18.31,18.21,18.0,
2017-02-07,600835.XSHG,18.43,18.47,18.51,18.27,3918085.0,72079822.0,18.22,18.14,17.96,
2017-02-06,600835.XSHG,17.97,18.41,18.51,17.97,4770893.0,87443982.0,18.14,18.08,17.92,
2017-02-03,600835.XSHG,18.15,18.0,18.16,17.9,1728135.0,31101786.0,18.06,18.03,,
2017-01-26,600835.XSHG,18.13,18.15,18.2,18.06,2129805.0,38669877.0,18.11,18.0,,
2017-01-25,600835.XSHG,18.03,18.09,18.13,17.95,2246177.0,40550599.0,18.11,17.95,,
2017-01-24,600835.XSHG,18.05,18.03,18.17,17.92,2359490.0,42587515.0,18.07,17.91,,
2017-01-23,600835.XSHG,18.23,18.05,18.3,17.97,3777817.0,68437198.0,18.03,17.89,,
2017-01-20,600835.XSHG,18.11,18.23,18.24,18.06,4647248.0,84446915.0,17.99,17.87,,
2017-01-19,600835.XSHG,17.85,18.17,18.23,17.85,7182745.0,130068946.0,17.89,17.82,,
2017-01-18,600835.XSHG,17.84,17.85,17.89,17.75,3233378.0,57617517.0,17.79,17.78,,
2017-01-17,600835.XSHG,17.84,17.84,17.92,17.68,4183382.0,74529648.0,17.76,17.78,,
2017-01-16,600835.XSHG,17.59,17.88,17.92,17.3,14814629.0,262761439.0,17.74,17.75,,
2017-01-13,600835.XSHG,17.66,17.7,17.74,17.4,3967873.0,69806454.0,17.74,,,
2017-01-12,600835.XSHG,17.76,17.66,17.83,17.61,2710196.0,48083413.0,17.74,,,
2017-01-11,600835.XSHG,17.77,17.71,17.87,17.69,3068913.0,54613667.0,17.78,,,
2017-01-10,600835.XSHG,17.85,17.77,17.89,17.73,2972780.0,52963388.0,17.8,,,
2017-01-09,600835.XSHG,17.65,17.85,17.86,17.63,3254742.0,57875352.0,17.76,,,
2017-01-06,600835.XSHG,17.83,17.73,17.87,17.68,2762532.0,49019470.0,,,,
2017-01-05,600835.XSHG,17.76,17.83,17.87,17.69,3467089.0,61641983.0,,,,
2017-01-04,600835.XSHG,17.56,17.81,17.83,17.53,6064443.0,107397882.0,,,,
2017-01-03,600835.XSHG,17.34,17.56,17.6,17.34,4125159.0,72198054.0,,,,
